124,122,49,18
124,122,49,18
124,122,49,18
124,122,49,18
124,122,49,18
124,122,49,18
124,122,49,18
124,122,49,18
124,122,49,18
124,120,48,18
124,118,48,18
124,115,48,18
123,112,48,18
122,111,48,18
119,109,49,18
118,109,48,18
115,108,48,18
113,111,48,18
110,115,49,18
107,119,48,18
104,120,48,18
104,120,49,18
105,121,48,18
102,119,49,18
101,117,49,18
100,116,49,18
99,117,49,18
101,120,48,18
101,122,48,18
97,123,49,18
95,122,48,18
94,121,48,18
93,120,48,18
92,120,47,18
89,121,50,19
88,123,49,18
84,124,50,19
84,128,48,18
82,129,48,18
80,130,49,18
78,129,49,18
78,127,48,18
78,124,47,18
80,122,47,18
82,120,47,18
83,117,48,18
86,116,49,18
90,115,48,18
92,115,48,18
92,116,48,18
92,116,50,19
94,117,49,18
98,116,49,18
104,116,49,18
109,116,48,18
112,116,48,18
116,117,49,18
120,115,49,18
125,115,48,18
131,116,48,18
134,115,48,18
136,114,48,18
136,114,48,18
133,116,47,18
129,118,48,18
126,119,47,18
126,119,47,18
128,118,47,18
133,117,48,18
140,117,48,18
150,114,49,18
159,107,49,18
165,94,49,18
166,85,48,18
161,85,48,18
153,89,48,18
142,93,48,18
130,100,49,18
115,106,49,18
106,105,49,18
103,99,48,18
105,81,47,18
109,73,48,18
114,75,48,18
117,82,48,18
115,93,48,18
110,102,48,18
112,112,48,18
118,121,48,18
119,128,48,18
117,143,48,18
122,153,48,18
125,148,48,18
127,138,49,18
135,126,49,18
143,118,48,18
149,111,48,18
151,101,48,18
147,96,49,18
144,95,49,18
142,99,48,18
145,104,49,18
150,108,49,18
152,114,49,18
153,116,49,18
157,113,48,18
161,106,49,18
168,98,49,19
174,96,49,19
181,99,49,18
186,104,49,18
192,110,50,19
202,115,49,18
212,118,49,18
221,121,49,18
225,123,49,19
226,126,50,19
226,129,49,18
223,133,50,19
219,135,49,18
215,133,49,19
214,135,49,18
216,139,49,18
220,144,49,18
222,152,49,18
224,158,49,18
224,158,49,18
224,155,49,18
226,153,49,18
230,151,49,18
235,148,49,18
240,146,49,18
244,144,49,18
249,144,49,19
252,145,49,18
253,147,49,18
252,152,49,18
248,156,49,18
244,161,49,18
239,165,49,18
233,169,49,18
228,172,49,18
223,175,49,18
219,177,49,18
215,177,49,18
210,175,49,18
203,172,49,18
196,169,49,18
191,169,49,18
187,169,49,18
182,171,49,18
178,172,49,18
175,174,49,18
173,176,49,18
167,177,49,18
161,176,49,18
154,175,49,18
150,176,49,18
148,178,49,18
143,177,49,18
140,176,49,18
140,175,49,18
142,176,49,18
143,174,49,18
148,169,48,18
154,163,49,18
159,158,49,18
161,158,49,18
165,159,49,18
168,156,49,18
171,152,49,18
174,150,49,18
174,151,49,18
174,158,49,18
177,166,49,18
182,173,49,18
193,178,49,18
207,179,49,18
224,177,49,18
243,171,49,19
258,163,50,19
270,155,50,19
281,150,50,19
291,151,49,19
301,154,39,19
306,156,34,19
306,156,34,19
305,153,35,19
303,150,37,19
298,150,42,18
288,152,49,18
282,157,50,19
281,158,49,19
279,154,49,19
273,144,50,19
264,134,50,19
256,130,50,19
248,133,50,19
241,142,49,19
233,152,49,18
229,155,49,18
227,154,49,18
222,148,49,18
214,143,49,18
207,141,49,18
207,141,49,18
210,140,49,18
209,135,49,18
205,128,49,18
202,122,49,18
197,118,49,18
191,120,49,18
183,124,49,18
175,128,49,18
169,130,49,18
165,132,49,18
163,134,49,18
164,138,49,18
160,142,49,18
157,143,49,18
161,142,49,18
168,137,49,18
173,133,49,18
172,128,49,18
168,128,49,18
164,131,49,18
160,137,49,18
155,142,49,18
152,149,49,18
149,153,49,18
149,155,49,18
150,157,49,18
150,158,49,18
151,158,49,18
153,154,49,18
158,151,49,18
165,149,49,18
176,145,49,18
188,142,50,19
200,138,50,19
204,135,49,18
198,133,49,18
194,135,49,18
194,140,49,18
193,145,49,18
190,148,49,18
188,149,49,18
187,150,49,18
186,153,49,18
184,158,49,18
185,163,49,18
189,166,49,18
198,165,49,18
206,162,49,18
212,159,49,18
217,160,49,18
222,165,49,18
225,169,48,18
229,171,48,18
229,170,48,18
228,166,48,18
223,159,47,18
219,154,47,18
215,151,48,18
212,153,48,18
207,157,48,18
200,163,49,18
196,170,49,18
196,172,49,18
198,169,49,18
199,166,49,18
198,164,49,18
195,166,49,18
189,171,49,18
182,175,49,18
175,175,49,18
169,170,49,18
163,164,49,18
160,161,49,18
159,160,49,18
157,161,49,18
154,161,48,18
154,159,48,18
152,155,48,18
146,151,48,18
141,149,48,18
136,149,48,18
132,147,48,18
129,146,49,18
126,143,49,18
126,139,48,18
126,132,48,18
124,127,48,18
122,124,48,18
121,123,47,18
121,123,47,18
121,123,47,18
121,121,47,18
121,119,48,18
123,119,47,18
127,120,47,18
130,124,47,18
131,128,47,18
130,130,48,18
130,130,48,18
130,130,48,18
133,131,48,18
132,132,48,18
133,135,48,18
134,138,48,18
136,141,48,18
136,145,48,18
140,145,48,18
145,141,48,18
152,136,48,18
150,140,48,18
145,135,48,18
145,135,48,18
144,139,48,18
149,140,48,18
149,143,47,18
145,141,46,17
139,133,46,17
130,131,46,17
125,126,46,17
117,123,46,17
94,126,46,17
77,122,45,17
75,122,45,17
68,122,45,17
56,120,44,17
71,116,44,17
86,116,44,17
97,111,44,17
100,111,44,16
91,109,44,16
93,111,43,16
92,110,43,16
90,114,43,16
82,115,43,16
86,117,43,16
89,117,44,16
91,119,45,17
103,119,45,17
118,120,45,17
139,117,44,17
176,116,44,16
193,114,45,17
200,109,45,17
186,112,45,17
155,114,46,17
141,116,41,16
138,123,41,16
142,124,41,16
150,127,41,16
153,132,42,16
156,135,42,16
155,138,42,16
155,138,42,16
160,134,42,16
163,130,43,16
167,127,42,16
171,127,42,16
175,129,43,16
180,133,43,16
185,134,42,16
188,133,42,16
190,133,43,16
192,134,42,16
196,135,41,15
200,134,42,16
203,132,42,16
203,133,42,16
201,134,42,16
200,136,42,16
199,140,41,15
197,141,42,16
195,140,43,16
194,140,43,16
191,140,43,16
187,137,43,16
185,134,43,16
182,132,42,16
180,129,42,16
177,125,42,16
175,122,43,16
171,117,43,16
170,114,43,16
167,111,43,16
164,112,43,16
163,115,43,16
162,117,43,16
160,117,43,16
157,118,44,16
157,119,42,15
156,118,43,15
159,116,43,15
162,112,43,15
164,109,43,15
167,105,43,15
172,103,42,15
175,103,42,15
177,104,42,15
178,105,42,15
180,107,42,15
181,107,43,15
183,108,43,15
186,109,43,15
190,111,43,15
195,113,43,15
200,114,43,15
204,116,43,15
206,116,43,15
208,116,43,15
208,117,43,15
208,117,43,15
209,116,43,15
210,115,43,15
209,115,43,15
209,116,43,15
209,120,43,15
210,123,43,15
212,122,43,15
215,121,44,15
217,120,43,15
221,121,43,15
225,123,43,15
232,125,43,15
239,127,43,15
244,129,43,15
251,132,43,15
259,134,43,15
267,137,43,15
272,137,43,15
273,137,43,15
267,134,44,15
259,131,43,15
252,130,43,15
246,130,43,15
238,131,43,15
231,134,43,15
227,138,42,15
225,142,43,15
223,144,43,15
222,146,42,15
219,146,42,15
215,144,43,15
210,139,43,15
204,133,42,15
200,128,42,15
197,123,43,15
195,121,43,15
190,120,43,15
185,122,43,15
182,124,43,15
181,127,42,15
182,129,42,15
181,131,42,15
178,131,42,15
175,129,42,15
172,126,42,15
168,123,42,15
163,121,42,15
160,121,42,15
157,122,42,15
152,122,42,15
145,120,42,15
139,118,42,15
137,116,42,15
135,116,42,15
134,119,42,15
134,125,42,15
134,132,42,15
134,140,42,15
130,138,42,15
125,131,43,15
115,124,43,15
109,120,42,15
108,118,42,15
106,120,42,15
107,125,43,15
114,133,42,15