757,681,103,35
760,684,104,35
759,684,104,35
759,684,104,35
759,683,104,35
759,683,104,35
765,676,105,35
765,676,107,36
765,676,107,36
765,676,108,36
764,676,108,36
764,676,108,36
778,673,108,36
779,674,106,36
780,674,105,35
778,673,107,36
781,674,107,36
781,674,108,36
781,674,108,36
781,674,108,36
782,674,108,36
776,675,109,37
776,675,111,37
776,674,111,37
777,675,109,37
776,675,110,37
787,673,110,37
786,673,111,37
787,673,110,37
787,673,110,37
786,673,111,37
785,672,112,38
796,672,110,37
795,671,111,37
795,671,112,38
794,671,113,38
796,672,110,37
797,673,113,38
798,674,112,38
798,674,112,38
797,673,113,38
797,673,114,38
796,672,115,39
799,673,114,38
800,673,114,38
799,672,114,38
799,672,114,38
805,675,113,38
805,675,113,38
806,675,112,38
804,674,114,38
806,675,113,38
808,675,114,38
808,675,114,38
808,675,115,39
807,675,116,39
807,675,116,39
810,675,116,39
810,675,116,39
810,675,116,39
810,675,116,39
810,675,116,39
793,676,116,39
794,677,114,38
794,677,115,39
793,677,115,39
789,680,117,39
790,680,115,39
790,681,114,38
790,681,113,38
791,681,113,38
791,681,113,38
794,677,113,38
794,677,114,38
795,678,112,38
796,678,110,37
796,679,109,37
799,679,111,37
799,679,112,38
798,679,113,38
800,680,109,37
801,680,108,36
793,681,111,37
794,681,109,37
795,682,109,37
795,682,108,36
795,682,108,36
779,699,109,37
779,699,109,37
779,699,110,37
779,698,110,37
778,698,110,37
749,711,110,37
748,711,110,37
748,710,110,37
747,710,111,37
747,710,111,37
701,721,113,38
700,721,114,38
701,721,114,38
700,721,115,39
700,721,115,39
667,721,119,40
669,722,117,39
668,722,117,39
668,722,117,39
640,723,118,40
638,723,119,40
639,723,119,40
639,723,118,40
639,723,119,40
639,723,118,40
607,723,121,41
605,722,123,41
605,723,124,42
605,722,124,42
605,723,124,42
594,723,121,41
594,723,120,40
594,723,119,40
594,723,118,40
594,723,118,40
599,717,116,39
600,717,115,39
600,717,115,39
597,716,120,40
612,711,119,40
613,711,119,40
612,711,118,40
612,711,118,40
612,711,118,40
612,711,118,40
621,711,119,40
621,711,119,40
621,711,119,40
621,711,119,40
617,702,122,41
615,701,124,42
618,703,119,40
619,703,117,40
620,703,116,39
620,703,115,39
599,683,118,40
599,683,119,40
599,683,119,40
600,684,115,39
598,684,117,39
569,678,123,41
566,675,128,46
570,680,119,40
566,675,128,46
566,675,128,46
557,677,122,44
557,677,121,43
557,677,121,43
554,676,127,45
543,673,126,45
543,673,127,45
543,673,126,45
543,673,127,46
543,673,126,45
543,674,127,46
534,670,127,46
535,670,127,46
532,669,132,47
534,670,128,46
534,669,129,46
533,669,128,46
531,668,132,47
531,668,132,47
532,668,132,47
531,667,131,47
533,665,130,47
532,665,132,47
531,664,135,49
531,665,134,48
532,665,134,48
534,665,135,48
533,664,137,49
534,665,137,49
537,666,130,47
538,667,128,46
546,665,125,45
543,664,130,47
545,665,127,46
547,665,124,45
558,665,126,45
558,664,127,46
558,664,127,45
558,664,127,46
559,664,127,45
558,664,127,46
558,666,138,47
564,665,124,45
562,664,127,46
558,666,137,47
558,666,136,46
548,668,134,46
548,669,134,46
548,669,134,46
548,669,134,46
548,669,134,46
524,668,135,46
522,667,139,47
522,667,139,47
521,667,139,47
521,667,139,47
501,667,139,47
500,667,138,47
500,667,139,47
500,668,139,47
500,667,138,47
483,665,142,49
483,664,144,49
482,664,146,50
481,664,148,50
481,664,148,50
474,660,146,50
475,661,145,50
475,661,146,50
474,660,148,50
473,660,149,51
490,655,152,52
489,655,154,53
487,654,157,54
486,653,159,54
486,653,161,55
485,653,162,55
508,649,160,55
508,649,161,55
509,650,159,54
509,650,158,54
510,650,157,53
524,647,159,54
530,652,160,55
530,652,160,55
530,652,160,55
530,652,160,55
530,652,160,55
553,650,160,55
551,649,163,56
552,649,163,56
551,649,164,56
568,647,165,57
569,646,165,57
567,645,169,58
568,646,167,57
569,646,165,57
583,642,168,58
583,642,168,58
583,641,168,58
583,642,168,58
583,642,168,58
584,644,165,57
584,644,166,57
584,645,165,57
584,644,166,57
583,644,165,57
553,656,172,59
556,656,169,58
552,655,174,60
554,655,172,59
552,655,174,60
553,656,172,59
498,655,174,60
497,655,174,60
499,656,173,59
498,655,173,59
499,657,171,59
447,653,176,61
447,654,176,60
446,653,178,61
445,653,179,61
445,653,178,61
383,667,180,62
379,668,168,62
382,666,180,62
379,668,168,62
379,668,168,62
320,662,170,63
319,662,171,63
319,662,172,63
318,662,173,64
318,662,173,64
317,661,175,65
302,656,178,66
302,656,179,66
301,656,179,66
301,655,179,66
302,656,179,66
298,649,182,67
296,649,184,68
297,649,185,68
295,648,186,69
296,648,187,69
313,643,186,69
314,643,185,68
311,641,188,69
311,641,189,70
314,642,186,69
335,637,189,70
335,636,189,70
335,636,189,70
336,636,188,69
332,635,192,71
333,635,191,71
359,631,195,72
358,631,195,72
357,629,198,73
357,630,199,74
403,635,202,75
401,633,205,76
400,633,206,76
399,633,207,76
401,633,207,76
436,645,211,78
435,646,212,78
437,646,211,78
435,645,213,79
437,646,212,78
476,665,214,79
477,664,214,79
476,664,214,79
474,663,216,80
474,663,217,80
513,760,217,80
508,762,215,79
514,763,214,79
509,764,216,80
509,763,215,79
545,824,215,79
543,824,217,80
541,823,219,81
541,824,219,81
542,823,220,81
541,824,220,81
522,821,219,81
523,821,220,81
522,821,220,81
520,820,222,82
471,808,225,89
470,802,227,97
470,803,228,96
471,802,228,95
468,805,229,95
405,852,230,100
401,852,232,101
401,853,226,99
400,851,229,101
399,848,222,104
400,851,231,99
405,820,228,98
404,820,229,99
402,817,231,107
403,817,226,107
403,817,226,107
367,798,230,109
367,798,231,109
365,797,237,112
327,767,240,114
326,766,242,114
326,766,242,114
326,766,242,115
326,766,241,114
295,738,246,116
293,736,251,119
292,735,249,118
292,735,249,118
292,735,249,118
292,735,249,118
269,704,254,120
271,705,254,120
273,705,252,119
272,705,254,120
271,705,254,120
255,674,256,121
254,674,258,122
252,672,263,125
249,670,266,126
249,670,268,127
240,641,266,126
240,641,266,126
240,640,266,126
240,640,266,126
240,640,266,126
240,640,266,126
228,615,272,129
226,614,275,130
228,614,262,131
228,614,262,131
229,612,265,132
201,578,269,136
201,576,271,139
201,577,269,138
203,576,264,138
203,576,261,138
180,555,275,142
185,555,270,143
184,554,269,144
185,554,270,144
184,555,274,144
186,554,268,144
137,612,273,145
139,612,270,144
134,612,273,145
126,612,279,145
120,581,278,155
111,584,282,156
119,581,279,155
119,582,279,155
125,585,271,151
101,555,273,152
101,554,274,153
101,554,278,155
96,551,284,158
100,553,281,157
58,560,296,165
57,559,298,166
56,559,298,166
56,559,298,166
63,563,289,161
63,564,290,162
12,563,294,164
11,562,297,165
12,562,294,164
11,562,296,165
1,513,281,171
1,512,282,174
1,512,284,177
1,514,285,173
1,512,285,175
1,515,279,172
1,445,318,180
1,446,320,180
1,441,320,186
1,445,320,181
1,445,311,182
1,442,317,185
53,377,332,191
51,378,338,192
56,373,334,196
57,373,333,197
169,315,345,199
168,313,343,203
166,312,349,204
168,313,343,203
168,313,343,203
224,247,354,210
223,247,361,214
224,247,360,213
226,247,359,212
225,245,358,212
226,247,357,211
329,180,369,218
326,177,377,223
321,173,382,226
325,176,379,224
327,176,377,223
455,116,387,229
453,115,388,230
452,117,391,231
452,115,395,234
446,112,401,237
290,65,407,241
301,66,399,241
305,64,398,245
304,62,402,247
297,63,408,245
288,62,418,247
196,159,420,249
193,159,421,249
193,158,421,249
190,157,425,251
259,265,424,251
257,264,426,252
255,261,426,252
252,261,427,253
256,271,438,254
79,541,442,252
76,540,444,251
77,544,441,251
77,545,446,250
77,539,447,254
1,584,393,268
1,583,388,267
1,582,387,278
1,582,391,275
1,582,397,272
93,548,482,280
83,543,501,282
89,550,492,276
81,542,504,284
145,565,505,277
144,566,509,277
138,565,513,278
142,567,511,275
138,567,516,279
180,480,528,297
177,480,525,296
182,484,520,293
180,484,513,289
187,488,512,288
178,481,523,294
304,356,534,300
302,355,533,300
301,357,533,300
301,356,533,300
328,276,551,310
325,275,562,317
325,282,556,315
323,282,557,315
322,286,559,312
324,285,556,313
245,281,570,321
237,287,580,310
239,279,579,319
236,281,578,317
196,201,598,313
196,196,597,330
197,197,597,330
196,200,596,326
197,200,592,326
197,203,594,322
143,144,615,328
142,143,617,328
144,139,612,334
142,140,613,333
143,143,616,328
92,142,633,324
83,145,641,312
83,145,641,312
83,145,641,312
83,144,641,312
85,139,644,314
78,134,654,318
83,136,651,317
83,137,652,318
79,134,652,318
78,134,653,318
144,116,638,311
145,116,659,326
147,115,654,328
150,115,651,332
148,118,660,323
236,180,675,310
232,176,674,319
226,178,681,311
234,174,675,323
236,175,668,311
380,131,685,321
386,139,673,317
386,139,673,317
386,139,673,317
386,139,673,317
469,79,677,319
471,81,681,321
472,79,674,317
471,78,678,319
470,64,673,334
508,16,673,332
509,18,674,330
504,14,674,337
512,13,667,335
506,14,669,331
500,3,663,312
502,0,666,314
506,6,666,314
504,1,667,314
503,2,664,313
532,0,668,266
542,0,667,275
543,0,650,279
530,1,677,275
529,1,674,270
613,1,674,260
608,1,671,258
608,1,670,269
608,0,670,263
608,0,670,263
579,3,663,300
580,0,670,298
581,5,665,295
583,1,653,309
584,1,662,309
571,56,649,312
569,62,654,307
569,62,654,307
562,57,662,311
561,57,662,311
558,139,650,305
559,141,647,304
559,143,654,307
556,141,662,311
557,141,651,306
558,195,641,301
565,202,633,297
564,199,630,296
564,202,634,297
564,199,630,296
632,250,619,291
633,251,615,289
634,251,614,288
635,252,614,288
636,251,613,288
822,270,612,287
816,278,594,286
823,280,591,282
821,283,589,279
820,283,600,282
1007,252,434,280
1008,256,433,277
1018,263,423,273
1010,259,431,274
1011,257,430,275
1085,309,358,279
1080,320,363,279
1083,322,360,275
1086,312,355,275
1087,318,354,275
1184,382,258,210
1180,364,262,227
1184,364,258,229
1187,359,255,230
1186,377,256,215
1144,445,297,196
1144,466,297,175
1144,455,297,190
1144,439,297,208
1145,452,297,195
925,487,477,210
926,490,480,207
924,485,477,206
923,483,477,207
927,487,473,209
640,573,471,201
640,573,471,201
640,573,471,201
637,570,471,201
628,566,488,208
437,612,469,218
440,619,467,210
441,612,464,216
444,617,461,211
448,616,458,210
189,619,436,207
193,621,428,204
187,615,436,209
192,624,430,199
187,619,436,202
153,590,428,210
158,588,421,215
164,589,418,211
161,592,421,206
164,593,418,206
305,631,407,207
304,648,406,189
308,644,401,192
307,648,406,187
307,650,403,185
483,620,394,192
488,628,385,185
488,628,385,185
488,628,385,185
488,628,385,185
684,608,382,184
688,611,379,182
688,612,381,183
688,612,381,183
688,612,381,183
856,576,376,181
862,576,364,181
862,576,364,181
862,576,364,181
862,576,364,181
947,549,357,177
938,541,355,189
935,543,359,188
942,543,348,177
943,545,346,176
972,508,341,173
975,509,336,170
972,507,337,171
972,508,339,181
974,507,341,182
1002,518,332,179
1004,519,327,181
1009,522,324,177
1006,519,325,180
1011,523,321,175
925,519,321,175
922,515,327,178
920,514,330,180
920,514,323,180
920,514,323,180
866,549,306,171
862,547,310,173
862,546,311,173
861,546,311,173
861,546,311,173
898,573,304,170
903,577,298,166
902,575,298,166
901,575,298,166
901,574,298,166
956,573,290,162
957,573,288,161
957,574,287,160
959,573,287,160
960,574,285,159
956,553,291,162
952,551,295,165
952,550,295,164
978,558,256,150
981,551,253,158
981,557,253,148
954,503,260,155
954,503,260,155
954,503,260,155
954,503,260,155
954,503,260,155
839,455,255,152
842,456,250,149
847,459,243,145
847,459,243,145
847,459,243,145
681,434,238,142
686,440,237,134
686,440,237,134
686,440,237,134
686,440,237,134
524,479,224,127
526,487,227,118
526,487,227,118
526,487,227,118
526,487,227,118
526,487,227,118
411,533,227,118
413,524,225,128
407,522,232,129
407,522,232,129
407,522,232,129
407,522,232,129
442,541,226,125
438,539,231,129
437,538,232,129
441,541,226,126
437,538,233,130
523,535,228,127
525,537,229,125
528,543,223,115
527,542,224,115
527,542,225,116
582,555,232,119
584,555,229,118
584,556,231,119
584,555,229,118
583,554,231,119
655,565,227,117
655,565,227,117
655,565,227,117
657,565,218,116
663,567,211,113
759,538,211,113
759,538,211,113
759,538,211,113
759,538,211,113
759,537,212,113
753,534,220,118
811,512,219,117
811,512,219,117
811,512,219,117
813,515,215,114
812,515,216,115
821,507,218,116
821,507,218,116
824,510,213,112
821,507,216,115
824,508,216,115
844,529,210,111
843,531,213,109
848,531,208,110
844,532,211,110
846,529,211,111
842,530,213,110
848,530,207,113
885,533,206,111
886,535,203,108
884,533,206,111
884,533,206,111
884,533,206,111
927,534,208,112
926,534,209,113
925,533,210,113
925,533,211,114
926,534,211,113
954,541,212,114
951,539,215,115
952,539,213,114
961,539,201,115
962,539,200,114
981,562,196,111
982,563,194,110
981,563,194,111
982,563,195,111
981,563,194,111
998,582,191,109
998,582,191,109
997,581,191,109
997,581,191,109
996,581,192,109
1013,599,190,108
1012,598,191,109
1013,599,190,108
1012,598,190,109
1012,598,190,109
961,614,181,104
960,614,181,104
957,612,184,106
957,612,186,106
958,612,183,105
933,642,183,105
934,643,182,104
934,642,182,104
933,642,182,104
933,642,182,104
904,663,180,103
905,663,178,102
907,665,176,100
905,664,178,102
904,663,179,102
897,675,178,102
900,677,173,99
894,686,179,88
894,686,179,88
894,686,179,88
894,686,179,88
915,679,177,87
917,680,176,86
918,681,175,86
920,682,170,84
920,682,169,83
931,669,169,83
932,669,167,82
931,668,168,83
932,669,167,82
932,669,167,82
931,668,168,83
936,657,166,82
938,659,163,80
937,658,164,81
937,658,164,81
937,658,165,81
936,617,163,80
938,618,159,78
938,619,160,78
938,618,160,78
938,619,159,78
935,592,157,77
936,592,156,77
932,590,161,79
931,589,164,80
932,590,164,80
920,591,162,80
922,593,159,78
921,591,160,79
920,591,162,79
919,591,163,80
917,583,167,82
921,586,159,78
922,587,157,77
921,586,159,78
920,586,160,78
935,590,155,76
935,591,154,76
936,591,153,75
936,591,153,75
936,591,152,75
942,592,155,76
941,592,156,77
941,591,157,77
940,591,158,78
942,593,155,76
946,598,153,75
948,600,150,73
949,601,148,73
949,601,147,72
949,601,148,72
954,603,146,71
955,603,145,71
955,604,144,71
955,603,144,71
955,604,144,71
959,605,144,71
959,605,144,71
955,600,148,76
955,600,148,76
955,600,148,76
955,600,148,76
971,605,146,75
971,605,146,75
971,605,146,75
971,606,146,75
971,605,146,75
994,609,146,75
995,609,145,75
994,609,146,75
995,610,145,74
995,610,145,74
1011,614,146,75
1012,615,144,73
1012,616,143,73
1013,616,143,73
1011,615,144,74
1024,622,142,73
1024,622,142,73
1024,622,142,73
1024,622,142,73
1024,622,142,73
1036,625,144,74
1036,625,145,74
1038,626,142,72
1039,627,140,71
1037,626,143,73
1058,631,144,74
1058,631,144,74
1061,633,140,72
1061,633,140,72
1061,633,140,72
1089,638,138,71
1089,639,136,70
1090,639,137,70
1090,639,136,70
1089,639,137,70
1110,646,135,70
1110,646,135,70
1110,646,135,70
1110,646,135,70
1112,647,133,69
1113,648,131,68
1126,660,132,68
1126,660,132,68
1126,660,132,68
1125,660,131,68
1126,660,131,68
1130,668,131,68
1130,668,131,68
1130,668,131,68
1131,668,131,68
1133,670,127,66
1133,670,126,66
1128,677,126,66
1128,677,127,66
1128,677,128,66
1128,677,127,66
1128,677,127,66
1127,680,126,65
1127,680,125,65
1127,680,124,64
1128,681,124,64
1127,681,125,65
1134,684,125,65
1134,684,125,65
1135,685,123,64
1135,685,123,64
1135,685,123,64
1139,689,121,63
1141,691,119,62
1140,690,120,62
1141,691,119,62
1142,691,118,61
1134,692,117,61
1134,692,119,62
1134,692,119,62
1134,692,119,62
1134,692,119,62
1123,689,118,61
1122,689,118,62
1122,689,118,61
1122,689,118,61
1123,689,117,61
1110,683,115,60
1109,682,116,60
1110,683,115,60
1109,682,116,60
1110,683,115,60
1092,677,115,60
1092,677,116,60
1092,677,116,60
1091,677,116,60
1091,677,116,60
1077,669,116,60
1077,669,115,60
1077,669,115,60
1077,669,115,60
1077,669,115,60
1061,660,116,60
1062,660,116,60
1061,660,116,60
1063,661,114,59
1063,661,113,59
1064,662,113,59
1048,656,112,58
1048,656,112,58
1046,655,113,59
1043,652,121,63
1042,651,121,63
1027,647,120,63
1025,645,124,64
1024,645,125,65
1026,646,121,63
1027,647,120,63
1016,642,120,62
1017,643,119,62
1017,643,119,62
1017,643,120,62
1017,642,120,62
1017,643,120,62
1002,636,123,64
1004,636,121,63
1004,637,120,62
1004,637,119,62
1008,633,119,62
1006,632,121,63
1006,632,121,63
1006,632,122,64
1005,631,122,64
1005,631,122,64
1012,628,122,64
1012,627,122,64
1012,627,122,64
1012,627,122,64
1012,627,122,64
1018,626,122,63
1018,627,122,63
1018,627,122,63
1017,626,122,64
1018,626,122,63
1028,625,120,62
1028,625,119,62
1028,625,118,62
1029,625,118,61
1029,626,118,61
1043,629,115,60
1044,629,114,59
1045,629,114,59
1045,629,114,59
1045,629,114,59
1055,634,114,59
1054,633,114,59
1055,634,114,59
1055,633,114,59
1055,634,114,59
1069,635,115,60
1071,636,112,58
1070,635,115,60
1069,635,115,60
1069,635,115,60
1080,640,115,60
1080,640,115,60
1082,642,113,59
1082,642,112,58
1082,642,112,58
1095,646,111,58
1096,647,110,57
1095,646,110,57
1096,647,110,57
1095,646,110,57
1107,650,110,57
1106,649,110,57
1107,649,110,57
1106,649,110,57
1106,649,110,57
1111,655,109,57
1111,656,109,57
1111,656,110,57
1113,657,107,56
1112,656,108,56
1115,659,108,56
1115,659,108,56
1115,659,108,56
1116,659,108,56
1115,659,108,56
1125,661,107,55
1126,661,105,55
1125,661,106,55
1126,661,105,55
1125,661,106,55
1136,667,104,54
1135,666,106,55
1135,666,106,55
1135,666,105,55
1135,666,106,55
1144,664,104,54
1144,664,104,54
1144,664,103,54
1144,664,103,54
1145,665,102,53
1139,670,101,53
1139,670,101,52
1139,669,101,53
1139,670,101,52
1139,669,101,53
1139,670,100,52
1109,685,100,52
1109,685,99,52
1108,684,100,52
1108,684,101,52
1108,684,101,52
1108,684,101,52
1057,709,97,50
1057,709,96,49
1058,710,94,48
1057,709,95,49
958,724,95,49
956,724,95,49
956,724,95,49
956,724,95,49
956,724,95,49
881,749,98,51
882,750,97,50
882,750,96,50
882,750,96,49
881,749,98,50
880,749,99,51
808,772,98,50
807,772,99,51
809,773,96,50
810,774,95,49
809,773,95,49
771,776,93,48
770,775,93,48
771,776,91,47
770,776,93,48
771,776,91,47
770,776,93,48
763,743,92,48
764,744,92,47
764,744,92,47
764,744,91,47
772,713,93,48
772,713,92,48
773,714,92,47
772,713,92,47
772,713,92,47
778,680,91,47
779,681,91,47
779,681,91,47
779,681,91,47
779,681,91,47
793,650,91,47
792,649,93,48
792,648,93,48
792,648,93,48
792,649,93,48
792,648,93,48
811,612,92,48
811,612,93,48
811,612,93,48
811,612,93,48
811,612,92,48
811,613,93,48
837,590,93,48
837,590,93,48
837,590,93,48
837,589,94,48
840,583,93,48
840,583,94,48
839,583,95,49
840,583,95,49
839,583,94,49
834,594,94,48
834,594,93,48
834,594,93,48
834,594,93,48
834,594,93,48
834,594,93,48
835,599,92,48
836,600,92,47
836,599,91,47
835,599,92,48
836,600,92,47
848,601,93,48
849,601,93,48
849,601,93,48
848,601,94,48
848,601,94,49
858,606,95,49
858,606,95,49
858,605,95,49
858,606,95,49
858,606,95,49
858,606,94,48
865,620,94,49
866,621,92,47
867,622,90,47
868,622,90,47
868,622,90,47
872,630,91,47
871,629,92,47
871,629,91,47
871,630,92,47
885,632,88,45
887,632,87,45
885,631,89,46
884,631,90,46
886,632,88,45
886,632,87,45
901,632,86,45
901,632,86,44
901,633,86,44
901,633,86,44
901,633,86,44
910,640,85,44
911,640,84,43
911,640,85,44
909,639,87,45
908,638,88,45
912,647,87,45
911,646,88,45
912,647,88,45
911,646,87,45
911,646,87,45
919,651,87,45
920,652,87,45
920,652,86,44
920,652,86,44
920,652,86,44
932,654,83,43
931,653,85,44
932,654,83,43
931,653,85,44
931,653,85,44
935,660,83,43
934,660,85,44
936,661,83,43
936,661,83,43
936,661,83,43
936,661,83,43
937,666,83,43
937,667,83,43
937,666,83,43
937,666,83,43
941,669,81,42
942,669,80,41
940,668,83,42
942,669,81,42
942,669,80,41
945,670,82,42
944,670,83,43
944,670,83,43
946,671,81,42
946,671,80,41
951,669,82,42
953,670,80,41
953,670,80,41
953,671,80,41
953,670,80,41
956,668,81,42
956,668,81,42
957,669,80,41
956,668,81,42
956,668,81,42
957,670,79,41
956,669,81,41
957,669,80,41
955,668,81,42
955,668,82,42
953,673,81,42
955,674,79,41
956,675,77,40
956,675,77,39
957,675,76,39
954,678,78,40
954,678,79,41
954,677,79,41
954,678,79,41
954,677,79,41
962,680,79,41
962,680,79,40
962,680,78,40
962,680,78,40
962,680,78,40
977,677,77,40
976,677,78,40
976,677,78,40
976,677,77,40
976,677,78,40
983,680,79,40
984,681,77,40
983,680,78,40
983,680,79,41
984,681,77,40
985,697,76,39
983,696,78,40
983,696,79,41
983,696,79,41
983,696,79,41
982,695,80,41
1015,696,79,41
1014,696,78,40