596,478,110,60
594,474,110,60
594,474,110,60
593,475,110,60
593,477,111,60
593,477,110,60
595,485,110,60
596,486,110,60
596,486,110,60
597,488,110,60
598,485,110,60
598,485,111,60
599,486,109,60
599,486,109,60
599,486,109,60
598,479,109,60
598,475,110,60
599,475,110,60
599,481,109,60
597,478,110,60
598,478,110,60
599,478,110,60
596,481,110,60
596,481,110,60
595,478,110,60
595,479,110,60
595,479,109,60
593,477,110,60
593,477,110,60
593,477,110,60
590,478,110,60
592,476,110,60
592,476,110,60
592,479,110,60
592,479,111,60
592,478,110,60
594,477,110,60
595,478,110,60
595,478,111,60
596,479,110,60
597,474,110,60
597,475,110,60
600,475,110,60
602,471,110,60
602,472,110,60
605,474,110,60
622,482,109,59
622,482,109,60
628,483,110,60
634,481,110,60
634,481,109,60
641,473,110,60
634,480,108,59
634,480,108,59
622,484,109,60
614,492,109,60
614,492,109,60
614,496,110,60
614,494,110,60
614,493,110,60
614,490,110,60
618,483,110,60
618,483,110,60
617,482,109,59
621,483,108,59
621,484,107,59
629,484,102,59
623,482,101,59
621,481,103,60
628,474,98,60
626,472,101,60
626,472,101,60
625,476,102,60
624,480,101,58
624,480,101,58
617,482,103,59
620,480,103,59
619,480,104,60
613,486,104,60
617,490,104,60
617,490,103,59
613,490,103,59
603,480,102,59
603,480,102,59
596,481,102,59
598,483,102,59
598,483,102,59
590,484,103,59
590,483,104,59
590,483,104,60
591,482,103,59
588,473,103,59
588,473,103,59
582,468,103,59
594,466,103,59
595,466,103,59
621,468,102,59
598,506,102,58
598,506,101,58
520,514,101,58
536,483,101,58
537,483,101,58
556,460,101,58
558,492,102,58
558,492,102,59
570,497,103,59
563,507,102,59
563,507,102,58
570,500,102,58
581,506,102,59
581,506,103,59
595,520,102,59
609,516,103,59
608,515,104,60
623,501,104,59
640,485,104,60
640,484,104,60
653,485,104,60
682,482,104,60
683,482,104,60
706,483,105,60
722,469,105,60
721,469,105,60
741,463,106,61
750,455,106,61
749,455,107,61
753,467,107,62
766,497,107,62
767,497,107,62
761,499,107,61
765,501,108,62
766,502,107,61
758,503,107,62
748,493,107,62
749,493,107,62
745,483,107,61
726,483,108,62
726,483,108,62
719,485,108,62
701,473,108,62
702,473,107,62
694,474,107,62
685,470,107,62
685,472,107,58
678,459,107,58
668,446,106,57
666,445,107,58
665,435,107,58
653,421,108,58
652,421,109,59
648,419,110,59
641,416,110,59
640,414,111,60
638,409,110,60
637,409,111,60
637,409,111,60
644,417,110,59
642,416,109,59
642,417,109,59
644,416,109,59
661,429,108,59
661,429,108,59
667,435,107,59
683,441,107,59
682,441,108,59
683,442,108,59
682,441,106,59
681,441,108,60
676,432,108,59
673,431,108,60
673,431,108,59
674,430,107,59
668,423,106,58
668,424,106,59
668,423,107,59
667,422,107,59
667,422,107,59
663,423,109,60
660,424,108,60
660,425,108,60
658,420,108,59
658,420,108,59
658,419,108,59
657,421,108,59
663,420,108,60
663,420,108,60
664,422,108,59
665,418,106,58
665,419,105,58
669,418,104,58
670,418,102,57
670,417,103,57
670,417,101,57
675,416,97,56
675,416,97,56
673,413,95,55
681,417,84,55
681,417,84,55
681,421,84,55
680,420,84,55
683,421,80,54
682,421,79,53
684,424,76,53
684,424,76,53
681,426,76,53
680,425,76,53
679,424,76,53
680,426,74,52
683,427,74,52
683,427,74,52
683,427,74,52
682,426,74,51
682,426,74,51
680,427,74,51
679,426,74,52
679,426,73,51
678,427,73,51
680,429,73,51
680,429,73,51
682,427,62,49
686,432,61,48
687,433,60,48
687,433,60,47
685,432,59,47
686,432,59,47
687,435,59,47
685,434,58,46
685,434,57,45
685,434,55,45
689,433,54,45
689,433,54,45
690,434,54,45
692,428,65,45
694,426,63,47
695,425,64,47
698,426,65,49
699,426,65,49
700,424,66,50
699,422,71,51
699,421,71,51
699,421,71,52
694,416,85,52
693,415,87,53
693,415,88,54
689,415,90,55
688,415,93,56
690,415,93,56
691,414,93,56
685,413,95,53
687,414,95,53
684,412,96,53
681,408,98,55
681,408,98,55
674,405,97,54
673,406,97,55
676,406,99,56
675,406,100,56
673,399,96,54
675,400,94,53
676,398,95,53
676,394,97,55
678,395,94,53
675,395,96,54
674,394,97,54
678,394,96,56
677,392,98,57
679,394,98,52
679,394,98,52
679,392,100,53
674,388,104,55
675,388,105,56
674,388,105,56
673,387,104,56
672,386,104,56
669,385,106,57
669,387,104,56
670,387,104,56
671,384,100,54
673,385,97,52
673,385,97,52
672,385,99,53
682,381,98,53
684,381,98,53
686,383,95,52
675,383,101,53
678,383,102,54
676,383,103,54
679,384,102,54
679,384,102,54
684,377,97,55
684,377,97,56
684,377,97,56
684,377,97,56
687,378,97,56
691,377,98,56
691,377,99,56
695,378,100,57
693,377,102,58
700,379,100,57
704,380,100,57
705,380,100,57
709,386,98,56
711,385,97,55
711,385,97,55
708,385,96,55
719,386,98,55
720,385,97,55
723,384,96,55
724,385,95,54
726,385,95,54
732,382,95,54
728,382,97,55
731,382,97,55
723,380,97,55
725,381,101,57
726,382,100,57
728,383,100,57
724,382,98,55
726,382,97,55
720,380,98,55
720,381,96,54
720,381,96,54
711,382,96,54
708,381,94,53
707,381,94,53
697,381,94,53
691,384,94,53
691,384,94,53
688,385,95,53
683,378,95,54
683,378,95,54
680,375,96,54
676,372,97,55
675,372,97,55
663,375,96,54
662,373,96,54
662,373,96,54
659,371,96,54
656,369,97,55
656,369,98,55
654,369,99,56
653,368,98,55
653,368,97,55
653,368,95,54
650,368,87,54
650,368,82,54
661,369,75,54
657,371,78,54
658,371,77,53
661,372,69,53
668,369,64,54
668,369,64,54
667,369,59,54
670,364,59,54
669,364,58,54
671,364,58,53
671,362,58,53
671,363,58,53
670,361,53,55
670,363,51,53
669,362,52,54
666,362,53,55
659,357,53,55
660,358,51,53
660,360,52,54
662,360,52,54
653,358,63,55
652,358,64,56
652,356,64,56
648,357,64,55
648,358,65,56
650,357,66,56
649,357,67,58
653,358,66,56
658,358,66,56
658,357,66,57
658,358,74,57
663,359,74,57
663,359,73,56
665,356,73,56
667,356,73,57
667,355,74,57
664,355,74,57
663,356,70,58
663,356,70,58
663,356,71,59
662,355,72,60
664,357,70,58
664,356,71,59
666,357,71,59
666,357,73,60
665,357,72,60
665,357,72,59
662,357,74,59
658,359,75,60
657,358,74,59
658,358,74,59
656,357,74,59
658,355,73,64
658,355,73,64
657,356,73,64
657,355,73,64
658,356,73,64
658,357,73,64
658,358,73,64
658,358,73,64
655,358,73,64
653,357,73,64
653,356,73,64
653,359,73,64
653,358,73,64
653,358,73,64
652,358,73,64
652,359,73,64
651,359,73,64
650,358,73,64
649,359,73,64
649,359,73,64
647,360,73,64
645,357,73,64
644,356,74,65
645,359,73,64
644,359,73,64
644,359,73,64
644,359,73,64
645,361,73,64
645,361,73,64
643,358,73,64
642,362,73,64
642,362,73,64
641,362,73,64
637,359,73,64
636,359,73,64
636,360,74,65
635,358,73,64
635,357,73,64
635,358,73,64
634,358,73,64
634,359,73,64
633,357,73,64
633,357,73,64
633,358,72,64
633,357,73,64
632,355,73,64
632,355,73,64
633,356,73,64
632,356,73,64
631,356,73,64
632,356,73,64
633,356,72,63
634,356,73,64
634,351,74,64
636,354,74,64
636,354,74,65
635,351,73,64
636,351,74,65
636,351,74,65
636,353,74,65
633,352,74,64
632,352,74,64
633,354,74,65
632,354,74,64
632,354,73,64
632,355,73,64
633,356,73,64
633,355,73,64
632,353,73,64
632,353,74,65
632,353,74,64
632,355,73,64
630,353,74,65
630,353,74,64
629,355,74,65
630,353,74,65
633,352,71,65
633,349,71,65
646,354,60,65
643,355,64,65
641,351,65,66
641,351,64,65
641,351,64,65
643,350,62,67
642,350,62,67
642,349,62,67
641,350,61,66
640,350,62,67
640,350,62,67
639,351,61,66
638,351,61,66
638,351,60,65
636,353,61,65
635,353,61,66
634,352,61,66
633,354,61,66
632,355,62,67
631,359,61,62
631,361,61,62
636,357,57,62
636,361,57,58
636,362,57,58
637,370,59,53
638,371,57,51
640,367,59,52
641,372,72,51
641,372,73,50
644,373,73,50
644,372,75,51
644,372,75,51
645,373,75,51
644,371,76,52
644,371,76,52
643,370,77,52
646,372,77,53
648,372,77,53
647,372,85,53
648,371,85,52
648,371,86,52
645,371,85,52
642,369,87,53
641,371,90,53
643,372,88,52
648,371,88,52
650,370,88,52
649,370,89,52
645,371,89,52
648,373,88,52
647,373,87,51
646,370,87,51
646,370,87,52
653,371,89,53
650,368,91,54
649,367,92,55
653,371,90,52
656,372,90,52
657,372,91,52
665,371,82,53
661,371,88,54
661,371,88,54
660,370,88,54
667,370,81,53
672,371,80,52
673,369,81,52
670,367,85,52
670,367,85,52
667,364,85,52
668,365,86,53
669,366,84,52
672,365,87,53
671,364,89,54
672,365,89,54
678,363,90,55
678,360,89,54
680,360,89,54
688,362,88,54
690,361,86,55
690,361,86,55
690,361,85,55
692,361,84,54
696,361,84,54
702,362,83,54
701,360,82,53
703,361,81,52
702,361,81,52
700,361,82,53
699,362,86,53
694,364,94,53
692,365,92,52
695,366,94,52
695,368,94,52
698,370,92,51
700,370,91,50
701,370,92,50
706,374,91,50
708,373,92,50
707,374,98,49
701,375,99,50
704,376,97,49
700,381,97,51
695,383,97,51
697,384,95,50
697,387,96,51
686,381,96,51
686,382,96,51
696,379,85,51
695,382,86,52
694,381,88,53
690,378,88,53
696,378,80,53
695,378,83,52
692,379,82,51
686,380,82,48
686,380,82,48
679,376,83,49
672,372,83,49
671,371,84,49
669,372,85,50
672,374,84,49
672,374,87,50
668,374,95,49
666,375,94,49
