402,257,39,96
403,257,39,96
404,258,38,95
405,258,38,94
406,258,39,95
408,259,38,94
410,260,38,93
411,259,38,93
412,259,37,92
414,259,38,93
414,260,37,90
415,260,36,90
415,260,37,90
416,261,37,90
417,263,37,90
418,263,37,91
418,263,37,93
419,264,37,92
419,264,37,91
421,263,37,92
422,263,38,93
423,262,38,92
423,262,37,92
426,263,38,94
428,263,38,93
430,263,37,92
432,263,37,90
433,264,37,91
435,264,37,93
435,265,37,94
436,265,37,95
438,265,37,94
440,265,37,93
440,265,37,93
443,265,37,95
444,265,38,95
445,265,37,95
444,265,41,97
445,266,41,96
445,267,40,94
447,268,39,92
448,268,38,90
449,270,42,92
451,271,42,91
452,270,42,92
453,270,42,92
454,270,42,92
457,270,42,92
459,270,42,92
461,270,42,91
462,271,41,90
462,271,41,90
462,272,41,89
463,273,40,88
465,274,40,89
466,274,39,91
469,275,39,92
469,275,39,92
470,275,39,92
471,275,39,92
474,275,39,91
474,275,39,91
475,275,39,90
475,275,39,90
477,276,38,89
477,276,38,89
479,277,38,88
479,277,37,87
480,277,37,87
480,278,42,91
481,278,42,90
482,276,42,95
483,276,42,94
483,276,42,94
484,277,41,92
486,278,40,90
487,278,40,91
488,279,40,90
491,279,40,90
492,279,39,89
493,279,39,89
494,279,39,89
495,280,40,90
496,280,40,90
496,280,40,94
496,280,40,94
498,281,40,93
498,280,40,94
498,281,39,93
499,281,39,92
500,281,39,92
500,282,39,92
500,282,39,92
501,282,39,92
502,282,39,92
503,282,39,91
504,282,38,90
505,283,38,92
506,284,37,92
507,285,37,93
510,285,37,90
511,286,36,93
511,286,36,91
512,286,36,91
513,287,35,89
514,287,35,89
513,286,36,90
514,286,36,90
515,286,36,90
516,286,36,90
516,286,38,93
517,286,36,93
518,287,37,92
519,288,36,92
520,289,36,92
520,289,36,92
521,289,36,93
521,288,37,94
522,289,36,93
522,288,36,93
524,288,36,93
524,288,36,93
525,288,36,92
525,289,40,96
526,289,40,96
526,289,40,96
527,290,39,94
529,291,39,93
530,291,39,94
531,292,39,93
531,291,39,93
533,292,38,91
533,291,39,93
535,291,38,92
535,290,39,93
535,290,39,93
536,291,39,93
537,291,39,92
537,291,39,93
537,292,38,92
537,293,38,91
538,296,37,90
538,296,37,90
539,296,37,90
539,296,37,90
540,296,37,90
541,296,37,90
541,296,37,90
544,295,37,94
545,295,37,94
547,296,37,94
547,296,37,95
547,295,38,96
549,296,38,95
550,296,38,95
551,296,38,96
552,295,38,96
553,296,38,95
554,296,37,95
555,296,37,94
555,296,37,95
555,296,38,96
555,299,38,96
555,299,38,97
554,299,39,97
555,299,38,97
555,300,39,98
555,301,38,97
555,301,38,97
555,302,38,97
558,300,39,98
558,301,39,98
558,300,39,98
558,301,39,98
557,301,38,97
558,302,39,98
558,302,39,98
561,303,43,96
562,302,42,98
562,303,42,96
564,301,40,97
564,302,40,96
565,304,39,93
565,304,39,93
566,303,39,93
565,304,38,92
565,304,38,92
565,304,38,92
564,304,38,92
564,305,38,92
564,305,41,92
563,304,42,95
564,306,43,97
565,307,43,96
565,306,43,97
564,307,42,95
564,306,42,95
564,307,42,95
565,307,41,92
565,307,41,93
566,308,41,92
567,308,41,92
568,308,42,94
567,309,42,95
571,310,41,94
573,310,42,94
573,310,41,93
574,310,41,94
574,310,41,93
574,309,42,95
574,309,42,95
574,308,43,97
575,309,42,94
575,309,42,95
575,310,41,93
576,310,40,91
577,310,40,90
578,309,41,92
578,309,40,92
577,310,40,91
580,310,38,93
580,310,38,93
580,310,38,93
580,310,37,91
580,308,37,94
580,308,38,95
580,308,38,95
579,308,38,96
579,309,38,96
578,308,38,96
579,308,38,96
578,308,38,97
578,309,38,96
578,309,38,96
578,308,38,96
578,308,38,97
579,308,38,96
578,308,38,97
578,308,38,97
578,308,38,97
578,308,38,97
578,308,38,97
578,310,38,96
579,310,38,95
579,310,37,94
579,311,37,94
578,311,37,94
575,311,38,95
574,310,38,95
575,310,38,95
575,310,38,95
577,311,38,95
575,311,38,96
575,311,38,96
575,311,38,95
576,311,37,95
574,311,38,95
574,311,37,95
573,311,38,95
573,311,38,95
573,311,38,95
572,310,38,95
572,311,37,93
573,311,37,93
573,311,37,93
573,312,37,92
573,311,37,93
573,311,37,94
573,312,37,93
573,311,37,94
573,312,37,93
572,311,37,93
573,312,37,94
573,312,38,94
573,312,38,94
572,312,37,92
572,312,37,92
572,312,37,92
571,311,37,93
572,311,37,93
572,312,37,93
572,312,37,93
573,312,37,93
573,312,37,93
572,311,37,93
573,312,37,93
572,311,37,93
572,311,37,93
573,312,37,93
573,313,37,92
572,312,37,93
572,312,37,93
573,312,37,92
572,312,37,93
572,312,37,93
573,311,37,93
572,311,37,93
573,311,37,92
573,310,37,93
574,311,37,93
573,311,37,93
573,311,37,93
573,312,37,93
573,312,37,93
573,312,37,93
573,312,37,93
573,312,37,93
573,312,37,93
573,311,37,93
573,311,37,93
572,311,37,93
573,312,37,93
573,312,37,93
573,312,37,94
573,312,37,94
573,312,38,94
572,311,37,93
572,311,37,94
572,311,38,94
572,311,38,94
572,311,38,94
572,312,37,94
572,312,38,94
573,312,37,94
573,312,38,94
572,311,38,94
572,311,38,94
572,312,38,94
572,311,37,94
572,312,37,93
571,312,37,93
572,312,37,93
571,312,37,93
571,312,37,93
571,312,37,93
572,312,37,93
572,313,37,93
572,313,37,93
572,313,37,93
572,313,37,93
572,313,37,93
572,312,37,93
572,313,37,93
572,313,37,93
572,313,37,93
572,313,37,93
572,314,37,93
573,313,37,93
573,313,37,93
572,313,37,92
572,312,37,92
573,313,37,92
573,312,37,92
573,313,37,92
573,313,37,92
573,312,37,92
574,312,37,92
573,312,37,92
574,313,37,92
574,313,37,92
574,312,37,92
574,313,37,92
575,312,37,93
574,312,37,93
574,312,37,93
574,311,38,94
574,311,38,94
573,311,38,94
573,311,38,94
573,311,37,93
573,311,37,93
573,311,37,93
573,311,38,93
574,311,38,94
573,311,38,94
573,311,37,92
573,311,38,94
573,310,38,93
573,310,38,94
573,310,37,93
573,310,37,92
573,310,37,92
573,310,37,93
573,311,37,93
573,310,38,93
573,310,38,93
573,311,38,93
573,311,37,93
573,311,37,92
573,311,38,94
572,311,37,93
572,311,37,92
572,311,37,93
572,311,38,93
572,312,37,93
573,312,38,94
573,312,37,93
572,312,37,93
572,312,37,93
572,312,37,93
572,312,37,93
572,312,37,93
572,312,37,93
572,312,37,93
573,312,37,93
573,312,37,93
573,312,37,93
574,313,37,93
573,312,37,93
573,312,37,93
573,312,38,93
573,312,38,93
573,312,38,94
573,313,38,94
573,313,37,93
573,313,37,93
573,312,37,93
573,312,37,93
573,312,38,93
573,313,38,94
572,312,38,93
573,313,38,93
573,313,38,94
572,312,38,94
572,312,38,94
572,312,38,94
572,312,38,94
572,312,38,94
572,312,38,94
572,312,37,93
572,313,38,93
572,313,38,94
572,312,38,93
572,313,38,94
572,312,37,93
572,313,38,94
572,313,38,94
571,312,38,93
572,312,38,94
572,312,38,94
571,312,38,94
571,312,38,93
572,312,38,94
572,312,38,93
572,312,38,94
572,311,38,94
572,311,38,94
572,311,38,94
572,312,38,94
572,311,38,93
573,312,38,93
573,312,38,93
573,312,38,94
573,312,38,94
572,311,38,94
572,311,38,94
573,311,38,94
573,311,38,95
572,311,38,94
572,311,38,94
572,311,38,94
572,311,38,94
572,311,38,94
572,311,38,93
572,311,37,92
572,311,38,93
571,310,38,94
571,310,38,94
571,310,38,94
571,310,38,94
571,310,38,94
571,310,38,95
571,311,38,94
571,310,38,94
571,311,38,94
571,310,38,94
571,310,38,94
571,310,38,95
571,310,38,94
571,310,38,94
571,310,38,94
571,310,38,94
570,310,38,94
571,310,38,94
570,310,38,94
570,310,38,94
570,310,38,94
571,311,38,93
571,311,38,93
571,311,38,93
571,311,38,93
572,311,37,93
572,311,38,93
572,312,38,93
571,311,38,93
572,311,38,93
572,312,38,93
571,311,38,93
572,311,38,93
572,311,37,93
572,311,38,94
572,311,38,93
572,311,38,94
572,310,38,94
572,311,38,93
572,310,38,93
572,310,38,94
572,310,38,94
573,310,38,94
572,310,38,94
572,310,38,94
572,310,38,94
572,310,38,94
572,311,38,94
573,311,38,94
572,310,38,94
573,311,38,94
573,311,38,94
572,311,38,94
573,311,38,94
573,311,38,94
573,311,38,94
573,310,38,94
574,311,38,94
573,310,38,95
573,310,38,95
573,311,38,94
573,310,38,94
573,310,38,94
572,310,38,94
572,310,38,95
572,310,38,95
572,311,38,95
572,311,38,95
572,311,38,95
572,311,38,95
572,311,38,94
571,311,38,94
571,310,38,94
570,311,38,94
570,311,38,94
570,311,38,94
570,311,38,94
570,311,38,94
570,311,38,94
569,311,38,94
570,311,38,94
569,310,38,95
569,310,38,95
569,311,39,95
570,311,39,95
570,311,38,95
570,311,39,95
570,311,38,95
570,311,38,94
570,311,38,94
569,311,38,95
569,311,38,94
569,311,38,95
569,310,38,95
569,311,37,94
569,309,38,96
570,308,39,97
569,308,39,98
575,307,34,99
575,307,36,98
578,307,35,96
577,308,35,94
577,308,35,94
577,308,35,94
576,309,36,95
577,312,36,91
577,313,40,91
580,314,40,90
580,310,41,95
581,310,41,95
583,311,41,94
584,310,41,95
585,310,41,95
585,311,41,94
586,312,41,93
586,312,41,94
588,311,41,95
589,314,41,92
591,314,41,93
593,315,41,93
593,314,41,92
594,313,41,93
595,312,41,94
596,312,42,94
599,312,42,94
600,313,41,93
602,312,41,93
603,312,41,93
605,313,41,92
606,313,41,93
606,314,41,91
603,313,41,92
603,313,42,94
601,313,42,94
602,314,42,93
598,313,42,93
597,318,41,92
595,316,41,92
589,315,41,93
582,315,42,93
580,314,41,93
579,315,41,92
579,318,40,90
578,323,39,87
569,316,40,93
566,316,40,92
566,317,39,92
566,317,40,92
560,316,40,92
552,317,40,93
549,317,40,92
550,318,39,91
549,318,40,92
544,317,40,93
537,317,40,93
532,316,40,93
531,317,41,94
529,316,40,94
525,316,40,94
519,317,40,94
514,316,40,92
512,317,40,92
511,317,40,93
509,318,40,93
505,318,40,94
496,318,40,93
494,317,41,95
495,319,42,97
494,318,41,95
488,317,41,95
484,315,41,96
478,316,41,95
477,317,40,94
478,318,40,93
475,317,40,92
472,317,39,92
472,318,39,91
474,318,39,90
472,319,39,90
470,318,39,91
469,319,39,90
472,320,39,90
476,322,39,90
475,321,38,89
471,322,38,88
471,322,38,88
471,323,38,87
469,323,37,86
463,323,38,88
462,323,38,87
461,323,38,88
461,324,39,89
460,323,39,90
460,323,39,91
460,323,39,91
460,324,39,91
459,324,39,91
458,324,39,91
457,324,39,89
457,324,39,90
456,324,39,90
456,324,39,91
456,324,39,88
456,324,46,86
456,324,41,89
450,324,43,86
448,324,42,85
449,324,41,84
446,324,44,86
442,324,47,88
438,327,47,86
438,327,47,86
442,325,44,89
442,325,44,88
441,325,43,88
441,325,43,88
442,325,39,87
441,325,39,87
445,325,37,87
440,325,37,88
438,325,37,88
436,326,37,87
435,326,37,88
435,326,38,89
436,325,38,89
437,326,38,90
434,325,38,91
434,326,38,89
435,325,38,89
434,326,38,89
433,326,38,89
433,325,38,89
432,326,37,87
431,326,37,87
432,327,37,87
430,327,37,87
428,327,37,87
427,327,37,88
427,327,37,88
427,327,38,89
425,327,37,88
422,327,38,89
422,327,38,89
422,327,38,89
422,327,37,88
421,328,37,87
421,328,37,88
419,328,37,87
418,328,37,87
418,329,37,88
415,329,37,88
413,329,38,89
411,329,38,89
412,330,38,89
411,329,38,90
412,330,38,90
413,330,38,90
412,330,38,89
411,330,38,89
412,330,38,89
412,330,38,89
410,330,37,88
409,330,37,88
408,330,38,89
408,330,37,88
408,331,37,88
409,331,37,88
407,331,38,89
406,332,38,89
405,331,37,88
405,331,37,88
404,332,37,88
395,332,44,88
397,332,43,89
401,332,38,89
402,332,37,88
402,332,37,87
402,332,37,86
400,332,37,86
398,332,37,88
398,332,37,88
396,333,46,90
394,332,48,90
392,332,46,92
390,332,47,92
386,332,46,93
393,332,39,92
394,333,38,91
393,333,38,90
393,333,38,90
393,332,38,89
392,333,37,88
390,333,37,87
388,333,36,86
387,334,36,86
387,334,42,89
386,335,48,88
381,334,54,88
380,335,47,87
381,335,49,88
380,335,45,89
380,335,46,89
382,335,44,90
390,335,38,88
391,335,37,87
393,335,37,88
395,334,37,87
399,335,37,87
400,335,37,87
401,335,37,87
403,336,37,87
405,336,37,88
404,337,38,89
406,336,38,90
407,336,38,90
412,336,38,90
411,336,38,89
415,337,38,89
421,337,38,89
422,337,38,89
427,337,37,88
427,337,37,88
428,337,37,88
431,337,37,88
431,339,44,88
432,338,51,88
430,338,57,88
432,338,53,89
434,337,57,89
438,338,48,89
435,338,54,88
437,338,52,90
442,339,45,91
444,339,45,90
448,339,41,88
453,340,37,88
456,340,37,86
463,340,36,86
465,340,37,86
469,340,36,86
469,340,37,87
470,340,37,87
471,341,37,88
473,341,38,89
474,341,38,90
475,341,38,90
476,341,38,90
478,341,38,90
481,341,38,90
484,341,38,90
486,342,38,90
488,342,38,89
490,341,38,89
493,342,37,88
495,342,37,88
496,342,37,87
499,343,37,87
501,343,37,87
503,343,44,87
504,343,43,87
507,343,42,88
509,343,40,88
511,343,37,88
513,343,37,88
515,343,37,87
517,343,37,87
519,343,37,86
520,343,37,86
522,344,37,87
523,344,37,88
524,344,37,88
527,345,38,89
528,345,38,90
529,345,39,91
537,346,39,91
537,346,39,91
539,346,39,91
537,341,38,89
537,337,37,86
534,334,36,84
533,330,35,82
531,326,34,80
525,323,33,77
521,321,32,72
518,319,31,68
517,314,31,70
517,314,31,70
518,315,31,69
519,315,30,69
520,315,30,68
521,316,30,69
522,316,31,70
522,315,31,70
523,315,31,70
523,316,31,70
525,316,31,71
525,315,31,71
525,316,31,71
524,316,31,70
526,314,31,70
526,314,31,69
526,314,31,70
526,314,31,70
526,314,31,69
526,314,31,70
527,315,31,69
527,315,31,70
527,315,31,69
527,315,31,70
527,315,31,70
526,315,31,69
527,314,31,69
527,314,31,70
527,314,31,70
527,315,31,69
527,314,31,69
527,314,31,70
527,314,31,70
527,314,31,70
527,314,31,70
527,314,31,70
527,314,31,71
527,314,31,71
526,313,31,71
527,314,31,71
527,314,31,70
527,314,31,70
526,314,31,70
527,314,31,70
526,314,31,70
526,314,31,70
526,313,31,70
526,314,31,70
525,314,31,70
526,314,31,70
525,314,31,70
525,313,31,71
525,313,32,71
526,313,31,71
526,313,31,71
526,313,32,71
529,313,32,72
530,313,32,72
531,313,31,70
532,313,31,70
532,313,31,70
533,315,31,70
534,315,31,70
536,314,31,71
535,314,31,70
535,314,31,70
537,314,32,71
537,312,32,72
538,312,32,73
539,312,33,74
540,312,34,76
541,311,34,77
542,311,34,77
542,311,34,76
544,312,34,76
546,311,33,74
547,312,33,75
547,311,33,75
548,311,33,75
551,312,33,75
552,312,33,75
554,311,33,75
552,312,33,75
553,312,33,74
553,312,33,74
556,312,33,74
557,312,33,74
554,312,33,75
558,312,33,75
561,312,33,75
562,312,33,74
561,313,33,74
563,313,32,73
563,313,33,74
565,313,33,74
566,313,33,74
568,315,32,72
570,316,32,71
572,318,31,70
573,318,31,70
575,319,31,70
576,319,31,69
578,319,31,69
580,320,31,69
580,320,31,69
581,320,31,69
583,319,31,69
587,322,28,66
589,322,28,66
590,322,28,65
592,322,28,66
594,322,28,66
595,322,28,66
597,322,28,66
599,322,28,66
601,322,28,66
602,322,28,66
604,323,28,66
606,323,28,65
607,323,28,66
609,323,28,66
609,323,30,66
611,324,30,65
612,325,29,65
613,326,29,63
616,326,29,63
617,326,29,63
618,326,29,63
618,326,29,63
621,327,29,64
622,327,29,64
623,327,29,65
624,327,29,65
627,328,29,65
629,328,30,66
634,327,30,66
635,327,30,66
636,328,30,67
642,328,30,66
645,328,31,67
650,328,31,67
645,327,30,67
643,328,30,66
644,326,30,66
644,326,30,66
647,328,30,66
649,328,30,66
646,330,30,65
648,329,30,65
651,330,29,64
652,329,30,66
654,328,31,67
654,327,31,68
655,327,31,69
653,329,31,68
655,328,31,68
657,328,31,67
656,328,30,67
657,328,30,66
656,328,30,66
657,328,30,66
656,328,30,67
656,328,30,67
656,328,30,67
656,328,30,67
656,328,30,67
656,329,30,67
656,328,31,68
656,329,30,67
656,329,30,67
656,329,30,68
655,329,30,67
655,330,30,67
655,330,30,67
655,329,30,67
655,329,30,67
655,329,30,67
655,329,30,68
654,329,30,67
654,328,30,67
653,329,31,68
653,329,30,67
653,328,31,68
653,328,30,67
653,329,30,68
653,329,30,68
653,329,31,69
653,328,31,69
653,328,31,69
653,329,31,69
653,328,31,69
653,329,31,69
653,329,31,69
653,329,31,69
653,329,31,69
653,329,31,69
654,329,31,70
655,329,31,69
655,329,31,69
657,329,31,70
657,328,32,70
657,328,31,70
658,328,31,70
659,327,31,70
660,327,31,70
661,327,31,70
662,327,31,70
662,327,31,71
662,327,32,71
663,328,32,71
665,327,32,68
665,327,32,68
669,328,32,69
669,327,33,70
670,328,33,70
672,328,34,72
675,328,33,71
677,328,33,71
678,328,33,71
