1139,303,124,111
1136,313,123,110
1135,312,123,110
1135,312,124,111
1131,316,121,111
1131,317,116,111
1129,315,109,109
1130,314,109,109
1130,313,110,109
1120,308,110,109
1121,309,109,108
1121,309,109,108
1106,311,104,109
1108,313,104,107
1089,320,100,105
1090,320,99,105
1091,322,99,104
1075,320,98,102
1075,320,98,102
1075,320,95,102
1058,308,94,101
1058,308,94,101
1037,303,88,100
1037,302,91,100
1038,303,87,100
1014,301,86,99
1013,301,89,99
1013,301,89,99
987,299,88,98
988,299,88,98
963,294,86,96
964,294,86,96
964,295,86,95
938,288,85,95
939,288,82,95
939,288,82,95
910,281,82,95
910,282,82,95
881,282,81,94
882,283,80,93
882,283,80,93
855,296,79,92
855,297,78,91
855,297,78,90
829,306,77,90
829,306,77,90
806,312,77,90
806,312,77,90
806,312,77,90
784,315,77,89
785,315,76,89
785,315,76,89
768,308,75,87
768,307,75,87
750,305,76,88
751,306,75,87
752,306,75,87
736,306,74,86
736,306,74,86
736,306,74,86
722,303,74,86
722,303,74,86
710,300,74,86
710,300,73,85
710,301,73,85
699,301,72,84
699,301,72,84
699,302,72,83
688,303,72,83
688,304,71,83
677,304,71,82
677,304,71,82
677,304,71,82
666,303,70,81
666,303,70,81
666,303,70,81
656,302,69,81
656,303,69,80
649,303,68,80
649,303,68,79
649,303,68,79
644,304,68,79
644,304,68,79
644,305,68,79
642,310,67,78
642,310,67,78
639,313,67,78
639,313,67,78
639,313,67,78
637,314,67,77
637,313,65,77
637,313,65,77
634,310,65,77
634,310,64,76
629,307,64,76
630,306,64,76
629,306,64,76
624,306,64,76
624,307,64,76
624,307,64,76
618,308,64,76
618,308,64,76
614,308,63,75
614,308,63,75
614,308,63,75
610,309,63,75
610,309,63,75
610,309,63,75
607,309,63,74
608,309,63,74
605,309,63,74
605,310,62,74
605,309,63,74
602,309,63,74
603,309,62,74
603,309,62,73
601,309,62,73
601,308,62,74
598,309,62,73
599,309,62,73
598,309,62,73
598,309,62,73
597,310,62,73
594,310,62,73
594,310,62,73
593,310,62,73
593,313,62,73
593,313,62,73
592,313,62,73
592,317,62,74
592,317,62,73
591,317,62,73
591,317,62,73
592,316,61,73
586,315,66,74
581,311,68,74
581,311,68,74
581,307,68,74
581,307,68,74
581,307,68,74
581,307,68,74
581,307,68,74
581,307,69,74
581,311,68,73
581,310,68,73
581,310,68,73
581,310,68,73
581,310,68,73
580,307,68,73
581,308,68,73
581,308,68,73
578,308,71,73
579,309,70,72
578,311,70,72
579,311,70,72
579,311,70,72
578,311,71,73
578,311,70,72
578,311,70,72
578,312,69,71
578,311,69,71
577,313,70,72
577,313,70,72
577,314,70,72
572,316,72,72
572,316,72,72
572,316,72,72
565,316,72,72
565,316,72,72
556,311,73,73
556,311,72,72
556,311,73,73
546,306,73,73
546,307,74,74
546,306,74,74
537,305,74,74
537,305,74,74
525,309,78,75
525,309,78,75
525,309,79,76
517,313,78,75
516,312,79,76
516,312,79,76
502,312,84,75
500,312,86,74
493,311,86,74
493,311,86,74
493,310,86,74
487,306,85,73
487,306,85,73
487,305,85,73
480,302,86,74
480,303,86,74
471,303,87,75
472,305,86,74
472,306,86,74
463,306,85,73
464,307,85,73
454,307,93,73
447,304,93,73
446,304,94,73
438,304,94,73
438,304,93,73
438,304,94,73
431,306,93,73
431,306,93,73
432,306,93,73
426,313,93,72
426,313,93,72
420,317,93,72
420,316,92,72
420,317,92,72
414,315,92,72
415,315,92,72
415,316,92,72
410,313,91,71
410,313,91,71
405,313,91,71
405,313,91,71
405,313,91,71
400,318,91,71
400,318,91,71
400,317,91,71
394,322,91,71
394,323,91,71
391,325,91,71
390,325,92,71
390,325,91,71
385,324,91,71
385,325,90,70
385,325,90,71
379,326,91,71
380,327,91,71
374,330,90,70
375,330,89,70
377,331,88,69
371,331,88,69
372,332,87,68
372,332,87,68
367,329,86,67
367,330,85,66
361,325,85,66
361,326,84,66
362,326,84,66
355,324,85,67
355,324,85,67
355,325,85,67
349,326,85,66
348,326,85,66
340,330,87,68
341,330,86,67
341,331,85,67
336,332,85,66
336,333,84,66
336,333,84,66
331,336,83,65
332,337,82,64
327,342,82,64
327,342,82,64
327,342,82,64
323,349,82,64
323,349,81,63
324,349,80,63
319,352,80,62
319,352,80,62
315,353,80,62
318,354,78,65
319,354,77,65
315,348,77,64
316,349,76,64
317,349,76,64
314,345,76,63
314,345,76,63
312,348,76,64
312,348,76,64
312,348,76,63
310,352,76,63
310,352,76,63
311,353,75,63
310,355,75,63
310,355,75,63
310,357,74,62
310,357,75,62
309,356,75,63
310,359,74,62
310,359,74,62
310,359,74,62
311,360,73,61
311,360,73,61
311,360,73,61
311,359,73,61
311,360,73,61
311,361,72,61
311,362,73,61
311,361,73,61
311,363,73,61
310,362,73,61
311,361,73,61
311,361,73,61
311,361,73,61
312,359,73,61
311,359,73,61
312,359,73,61
312,360,73,61
312,360,73,61
313,362,73,61
313,362,73,61
313,363,73,61
314,363,74,62
317,364,71,62
317,364,71,62
318,364,71,62
318,364,71,62
320,367,71,62
320,366,72,63
320,366,72,63
321,366,72,63
322,366,72,63
322,366,72,63
324,364,72,63
324,364,72,63
327,362,71,62
326,361,72,63
326,360,72,63
329,360,72,63
329,360,72,63
329,360,72,63
331,358,73,64
331,358,72,63
334,358,72,63
334,357,72,63
334,358,72,63
337,359,73,64
336,358,73,64
336,358,73,64
339,360,73,64
339,361,73,63
344,360,73,63
344,360,73,63
343,360,73,64
349,358,73,64
349,358,73,64
349,358,73,64
354,357,74,65
354,358,74,65
359,358,73,64
359,358,73,64
359,358,73,64
363,358,74,64
364,358,73,64
364,358,73,64
368,352,74,64
368,353,74,64
372,346,74,64
372,346,74,64
372,346,73,64
375,338,73,64
375,338,73,64
375,337,73,64
377,331,74,65
378,331,74,64
379,328,74,64
379,328,74,64
379,328,74,64
380,329,73,64
381,329,73,64
381,329,73,64
382,329,72,63
383,330,72,63
384,327,72,63
384,327,72,63
384,327,72,63
385,320,72,63
385,320,72,63
385,320,73,63
386,311,73,64
386,312,73,64
387,304,72,63
388,304,72,63
388,303,72,63
391,294,72,63
391,294,72,63
391,294,72,63
394,288,72,63
394,287,72,63
394,287,72,63
396,284,74,63
395,283,75,63
399,282,75,63
399,282,75,63
399,282,74,63
403,283,74,63
403,283,74,63
402,282,75,64
406,283,74,63
406,283,74,63
408,282,75,64
409,282,75,64
409,283,74,63
412,279,75,63
412,280,75,63
413,280,74,63
419,280,74,63
418,279,75,63
425,286,73,62
425,286,73,62
424,286,74,63
430,291,73,62
430,291,73,62
430,291,73,62
432,291,73,62
432,291,73,62
433,290,73,62
433,291,73,62
433,291,73,62
435,296,72,61
436,295,72,61
435,295,72,61
437,300,72,61
437,300,71,61
438,301,72,61
438,301,72,61
437,300,72,61
440,296,72,61
440,297,71,61
441,297,71,61
441,294,72,61
441,293,72,62
441,295,72,61
442,295,72,61
442,295,72,61
441,297,72,61
441,297,72,61
441,297,72,61
441,298,72,61
441,298,72,61
439,299,71,61
438,298,71,61
439,299,71,60
437,298,71,60
437,298,71,60
437,298,71,60
436,295,71,60
435,294,72,61
434,292,71,61
434,292,71,60
433,292,71,60
432,291,71,61
432,292,71,60
432,292,71,60
430,291,71,60
428,292,73,60
426,293,74,60
426,294,73,60
425,293,73,60
423,293,73,60
422,292,74,61
423,293,73,60
419,292,73,60
419,292,73,60
417,295,73,60
417,295,72,59
416,294,73,60
413,294,73,60
414,295,72,59
413,295,72,59
408,291,72,59
408,291,72,60
405,287,72,59
405,288,72,59
405,288,72,59
399,293,72,59
398,292,73,60
399,293,72,59
390,298,72,59
389,298,73,60
381,298,72,59
381,298,72,59
382,299,72,59
373,298,71,59
373,298,71,59
373,297,72,59
364,297,71,59
364,297,71,58
356,295,71,58
356,295,71,58
356,295,71,58
348,294,71,58
348,294,71,58
349,295,70,57
343,303,69,57
343,302,70,57
340,312,69,57
340,312,70,57
342,312,67,57
342,309,66,57
341,309,66,57
341,309,66,57
343,299,66,56
344,299,66,56
350,303,66,56
350,302,66,56
350,303,66,56
354,324,66,56
354,323,65,56
354,323,65,56
358,335,65,56
360,335,63,56
366,313,62,56
366,313,62,55
366,313,62,55
372,295,61,55
372,295,61,54
372,295,61,54
377,297,62,55
378,298,62,55
382,308,61,54
382,308,61,54
382,308,61,54
387,308,61,54
387,308,61,54
387,308,61,54
391,298,61,54
392,298,60,54
395,292,60,54
395,292,60,53
395,292,60,53
402,297,57,53
405,297,52,54
405,297,52,54
409,305,52,54
409,305,51,54
413,309,48,54
413,309,48,54
414,309,49,54
416,310,49,54
416,310,48,53
416,310,48,53
417,310,48,53
417,310,48,53
417,311,47,52
417,311,47,52
417,311,47,52
417,312,47,52
417,312,47,52
417,312,47,52
415,312,47,52
415,312,47,52
413,312,47,52
415,311,47,57
415,311,47,57
416,311,47,56
416,311,47,56
416,311,47,56
416,310,46,56
417,310,46,56
418,310,46,55
418,310,46,55
418,310,46,55
419,311,46,55
420,312,45,55
420,311,46,55
422,310,46,55
422,311,45,55
427,306,45,54
427,306,45,54
427,307,45,54
433,305,45,54
433,305,45,54
433,305,45,54
440,307,45,54
441,308,44,54
448,308,45,54
448,308,45,54
449,308,45,54
456,308,45,54
456,308,45,54
456,308,44,53
462,308,44,52
462,308,44,52
468,308,44,53
469,308,44,53
468,308,44,53
476,307,44,53
476,307,43,52
475,306,44,53
483,306,44,53
483,305,43,52
490,305,44,53
490,304,44,53
490,304,43,52
497,304,43,52
497,304,43,52
497,305,43,52
503,308,43,52
503,307,43,51
510,311,43,52
510,311,43,51
510,311,42,51
517,315,43,52
517,315,43,52
517,315,43,52
524,317,43,52
524,316,43,52
532,317,43,52
531,316,43,52
531,316,43,52
538,316,43,52
538,316,43,52
538,316,43,52
546,320,44,52
545,319,44,53
553,325,44,53
553,325,44,53
553,325,44,53
559,327,44,52
559,327,44,52
559,327,44,52
562,327,44,53
562,327,44,53
566,327,43,52
566,327,43,52
566,327,43,52
569,327,44,53
569,327,44,53
569,327,44,53
572,327,44,53
572,327,44,53
575,329,44,53
575,329,45,54
575,329,45,54
576,329,45,54
577,329,45,55
576,329,45,54
579,325,45,55
578,325,45,54
579,325,45,55
581,321,46,55
582,321,46,55
586,320,46,55
585,320,46,55
586,320,46,55
590,320,45,55
590,320,45,54
590,320,46,55
594,320,46,55
594,320,46,56
599,320,46,56
598,320,46,56
599,320,46,55
603,320,47,56
602,319,47,56
603,320,47,56
607,319,47,56
607,319,47,56
612,319,47,56
611,319,47,56
611,319,47,56
616,321,46,56
616,321,47,56
616,321,46,56
621,323,47,56
620,323,46,56
624,325,47,56
624,325,47,56
624,325,47,56
626,326,47,56
626,326,47,56
626,326,47,56
627,326,47,57
627,327,47,57
627,327,47,57
627,327,47,57
627,327,47,57
623,326,47,57
623,326,47,57
623,326,47,57
618,326,47,53
618,326,47,52
615,325,47,53
615,325,47,53
615,325,46,52
614,324,47,53
614,323,47,53
613,323,47,53
613,322,48,54
613,321,47,53
612,322,48,54
612,322,48,54
611,322,48,54
611,327,48,54
611,326,48,54
611,326,48,55
610,331,48,54
610,331,49,55
610,332,49,55
609,331,49,55
609,331,49,55
609,326,49,55
609,326,49,55
609,326,49,55
609,323,49,56
609,322,50,56
607,325,50,56
607,325,51,57
607,325,50,57
606,329,51,58
606,328,52,58
606,329,51,58
605,328,52,58
605,328,51,58
603,327,52,58
604,327,52,58
603,327,52,58
601,327,52,59
601,328,52,59
601,327,53,59
598,329,53,60
598,329,52,59
595,325,53,60
596,325,53,60
595,325,53,60
593,321,53,60
593,321,54,60
593,321,53,60
592,319,54,61
591,317,53,57
591,317,52,56
591,318,52,55
591,317,52,56
591,318,52,55
591,318,52,56
590,318,52,56
590,319,52,56
590,319,52,56
590,314,53,57
592,315,53,58
592,315,53,58
593,312,53,58
593,312,53,58
593,312,52,57
595,314,53,58
595,314,53,58
596,319,54,59
596,319,54,59
596,319,54,59
597,320,54,59
597,320,55,60
597,320,56,61
598,316,55,60
599,316,55,60
600,310,56,61
600,310,57,62
600,310,57,62
601,307,58,64
601,306,59,64
601,306,59,64
602,306,59,65
602,305,59,65
604,305,60,65
604,305,60,66
604,305,60,66
605,305,62,68
605,305,61,67
605,305,62,68
606,307,63,69
606,307,63,69
607,310,64,70
607,310,65,71
606,310,64,71
608,311,65,71
608,312,65,71
608,312,65,71
609,311,65,72
609,311,66,72
610,306,66,73
610,306,68,74
610,305,68,74
611,297,68,75
611,296,69,75
611,296,69,76
613,288,70,77
613,288,70,77
614,286,72,78
614,286,72,79
614,286,72,79
615,285,73,80
616,284,74,81
615,284,74,81
617,282,75,82
617,281,76,83
618,281,78,85
618,281,79,86
618,281,79,87
620,285,80,88
620,285,81,88
620,285,81,88
621,288,81,89
621,288,81,89
622,288,83,91
622,287,83,91
622,287,84,92
623,285,85,93
623,284,86,94
623,283,86,94
624,283,87,95
623,282,88,96
624,283,89,97
623,283,89,98
623,283,89,98
624,284,89,98
624,285,90,98
624,285,90,98
625,283,90,99
625,282,91,100
626,276,93,101
625,275,94,103
624,275,94,103
625,274,96,105
625,274,96,105
625,274,96,105
625,279,98,107
625,278,98,108
625,283,100,109
625,283,100,110
624,283,100,109
626,283,101,111
625,283,102,111
624,283,102,111
626,282,103,113
625,282,103,113
626,278,105,115
625,278,106,116
625,278,105,115
624,273,107,117
625,273,108,118
625,270,108,130
624,267,110,132
623,267,110,132
620,267,110,133
621,268,111,133
620,267,111,133
618,273,112,134
618,273,112,135
617,273,112,135
616,276,113,136
616,276,113,136
615,275,114,137
616,276,114,138
614,275,119,137
613,271,124,139
613,271,124,139
613,270,127,139
613,269,130,140
613,269,129,140
613,271,136,139
612,271,136,139
613,271,135,140
613,273,140,140
613,273,138,141
613,273,138,142
617,274,140,143
619,273,139,144
619,269,145,144
618,268,148,144
618,267,148,144
618,265,149,145
618,265,149,145
618,265,149,145
622,265,149,145
620,265,152,147
621,264,154,150
619,265,157,153
619,262,158,154
621,257,160,156
621,257,160,156
621,257,160,156
621,253,160,156
621,252,164,157
622,250,168,155
628,254,162,151
628,254,162,151
628,256,166,151
628,257,168,147
628,257,168,147
628,260,169,148
628,260,176,149
628,261,175,147
637,261,175,144
637,261,175,144
641,260,176,145
640,260,180,148
641,260,178,147
647,262,176,145
647,262,175,144
647,262,175,144
654,263,176,145
654,263,177,145
662,265,176,143
662,265,176,143
662,265,176,143
668,266,174,142
667,265,175,143
667,266,175,142
677,266,174,142
677,266,173,141
687,267,179,142
687,267,179,142
687,267,179,142
693,266,179,142
692,265,179,142
690,263,183,145
695,261,187,148
699,264,181,143
709,278,181,144
712,277,178,147
704,273,186,148
719,286,178,143
721,288,173,142
721,288,173,142
729,288,171,141
729,288,170,140
741,287,169,139
741,287,168,138
739,286,169,139
751,285,166,136
751,284,166,136
751,284,165,136
761,282,165,135
760,281,164,135
772,265,162,133
771,264,163,134
771,265,162,133
781,236,161,132
781,235,162,133
781,235,162,133
790,235,158,133
790,235,158,133
796,249,158,133
796,249,158,133
795,248,158,133
802,255,156,131
803,254,152,132
803,254,152,132
807,251,151,131
808,251,150,130
816,256,149,130
815,256,150,130
815,255,147,130
819,274,147,130
818,272,147,130
819,272,147,130
828,271,146,129
827,269,145,129
839,256,135,129
839,256,135,129
839,256,136,129
844,256,135,129
845,257,135,129
844,256,135,129
851,258,128,129
851,258,128,129
855,257,128,129
855,257,128,129
855,257,128,129
860,255,127,128
861,256,126,127
857,255,127,127
862,255,126,126
862,254,126,126
863,253,126,126
863,253,126,126
864,253,126,126
864,252,125,125
864,252,125,125
864,252,125,125
861,249,127,127
859,247,128,128
856,246,128,128
858,248,125,125
857,247,126,126
852,247,125,125
852,247,124,124
852,247,124,124
841,248,117,123
841,248,117,123
829,248,117,123
829,249,117,123
829,249,117,123
818,249,117,123
819,251,116,122
818,250,116,122
808,256,115,121
808,255,115,121
799,261,116,122
798,261,115,121
799,261,116,121
790,262,115,121
790,262,115,121
790,262,114,120
780,263,114,120
781,263,114,120
771,258,113,119
771,258,113,119
770,257,114,120
761,254,113,119
761,256,112,118
761,257,112,118
751,259,112,118
752,260,111,117
744,264,111,117
743,263,111,117
744,264,111,117
735,264,111,117
735,264,114,122
736,263,115,128
729,265,115,125
729,265,115,125
723,266,115,125
724,267,115,125
724,267,115,125
721,271,113,122
721,271,114,124
721,271,115,125
719,273,114,124
719,275,112,122
718,277,111,121
718,278,111,121
718,278,111,120
717,286,114,124
717,286,114,124
717,286,114,124
715,294,115,125
716,294,115,125
716,298,112,122
717,298,112,122
717,299,113,123
719,300,115,125
719,300,115,125
719,300,115,125
722,298,114,124
723,298,114,124
725,298,113,123
726,298,113,123
726,298,114,124
727,302,114,124
727,301,114,124
727,301,114,124
729,305,112,121
730,306,113,123
733,308,114,123
732,309,114,124
732,308,114,123
734,313,119,123
734,313,119,123
734,314,119,123
734,315,120,124
734,315,120,124
735,317,120,124
734,317,120,124
734,317,120,124
735,320,120,124
735,320,120,124
735,321,120,124
736,322,120,124
737,321,119,123
735,320,119,123
736,320,120,125
735,320,120,124
732,321,122,126
732,321,123,127
731,320,122,126
728,321,123,127
728,321,123,127
725,321,124,128
723,319,125,129
724,320,125,129
725,317,118,129
725,317,118,129
725,317,118,129
722,317,119,130
722,318,119,130
721,319,119,130
719,318,120,131
719,319,121,127
717,317,122,128
715,316,123,129
716,316,123,129
715,316,123,129
715,316,123,129
714,316,124,130
714,317,124,130
712,314,126,133
713,316,126,132
713,316,126,132
713,316,126,132
714,316,119,129
714,316,119,129
713,315,120,130
711,313,121,131
711,313,122,132
711,313,121,131
711,313,122,132
710,312,122,133
711,313,121,131
713,313,118,129
713,312,118,129
713,312,118,129
713,312,118,129
713,312,118,129
714,313,117,128
714,313,117,128
715,312,117,128
715,311,114,126
714,311,114,126
715,311,111,127
715,311,111,127
714,310,110,126
714,310,110,126
714,310,110,126
713,309,110,126
713,310,111,127
711,308,111,127
711,307,111,127
710,306,111,127
710,304,104,126
710,304,104,126
710,304,104,126
707,300,104,127
706,299,104,127
701,297,105,128
701,296,105,128
701,296,105,128
696,295,106,128
697,296,105,128
694,293,104,128
687,291,105,129
686,290,105,129
687,290,105,129
679,288,106,130
679,287,105,130
672,285,105,129
674,286,104,128
673,285,105,130
666,283,105,129
667,283,105,129
667,283,105,130
660,281,106,130
661,282,105,129
654,281,106,130
654,281,106,130
653,280,106,127
645,280,107,128
646,281,107,128
646,281,107,128
639,284,107,129
639,284,107,128
631,287,107,129
631,288,108,129
631,288,108,129
625,291,109,130
622,290,108,127
622,290,108,127
614,291,109,128
614,291,109,128
607,291,110,129
607,291,110,129
607,291,110,129
602,290,111,130
601,290,111,131
601,290,111,131
598,290,112,131
597,290,112,131
595,290,112,132
594,289,112,132
593,288,112,132
591,288,112,132
590,288,113,132
591,289,113,133
588,288,114,134
587,288,114,134
584,288,114,134
583,288,114,135
584,289,114,135
582,289,115,135
581,290,115,135
582,290,115,135
578,289,115,135
579,289,115,135
575,288,115,135
575,288,114,134
575,288,115,135
572,288,114,135
572,288,114,135
572,288,115,135
568,287,115,135
568,287,115,135
566,286,114,135
565,286,114,135
565,285,114,135
565,285,114,135
565,285,111,133
565,285,111,133
565,289,111,133
565,290,111,133
564,294,112,134
564,295,112,134
565,295,112,134
563,293,111,133
564,293,111,134
564,294,111,134
563,285,111,134
563,285,111,134
561,279,111,133
561,279,111,133
561,279,111,133
557,279,111,133
557,279,111,134
558,280,111,133
554,282,111,133
554,284,111,133
551,285,111,132
551,285,110,132
551,285,110,132
548,285,110,131
548,285,109,131
549,285,109,131
546,283,110,132
547,284,110,132
546,284,110,132
545,285,110,132
544,284,110,132
543,285,110,132
544,287,110,131
544,287,110,132
543,287,110,131
542,287,109,131
541,287,109,131
541,287,109,131
541,287,109,131
540,287,110,131
539,287,110,131
539,287,110,131
539,287,109,131
539,287,109,131
538,287,109,131
538,287,109,131
538,286,109,131
537,286,109,131
537,286,109,131
537,286,109,131
536,285,109,130
536,285,109,130
535,284,109,130
534,283,109,131
535,284,109,130
534,283,109,130
535,284,109,130
534,284,109,131
537,284,109,130
541,286,105,131
543,286,105,131
543,286,105,131
543,286,105,131
545,286,106,132
544,286,106,133
544,285,107,134
546,285,109,136
548,288,107,134
554,290,107,133
554,290,107,133
554,290,107,133
560,291,106,133
559,290,107,134
559,290,107,134
563,290,108,135
564,290,108,135
568,290,109,136
570,291,108,135
569,291,109,136
576,292,108,135
575,291,109,136
575,291,109,136
579,291,110,137
579,291,110,138
586,293,109,137
586,293,109,136
585,293,110,137
590,289,111,138
591,290,110,138
591,290,110,137
596,288,110,138
597,287,110,138
601,287,111,139
601,287,111,138
600,286,111,139
603,287,111,139
602,287,112,140
603,288,112,140
604,287,113,141
604,287,113,141
604,284,114,142
605,285,113,141
605,285,113,141
604,283,114,143
606,284,114,142
605,283,115,143
606,283,115,143
605,282,115,144
603,282,116,144
603,281,116,144
603,281,116,145
603,282,117,146
603,282,117,146
603,282,117,146
601,280,118,148
602,280,119,148
602,278,120,150
603,278,121,150
602,277,121,150
603,277,122,152
603,276,122,153
603,276,122,153
603,276,124,154
604,276,124,154
603,275,125,157
603,274,126,157
602,273,127,158
600,269,128,159
599,269,128,160
600,269,129,160
597,266,131,163
597,266,131,163
593,264,132,165
592,262,133,166
593,263,133,166
588,261,135,169
587,260,135,168
587,260,135,169
581,262,136,166
581,262,136,166
576,262,138,168
575,262,138,168
575,262,138,169
570,260,140,171
571,261,141,172
569,260,141,172
566,258,143,175
566,258,144,176
564,258,146,178
563,257,147,179
562,257,147,179
561,255,150,183
559,254,150,183
559,254,150,183
557,252,153,186
556,251,153,187
555,250,156,190
555,250,157,191
553,249,156,191
551,248,158,193
552,248,159,194
552,248,160,195
548,246,162,198
549,247,163,199
546,245,164,201
546,245,165,201
545,245,166,202
544,245,168,205
542,244,169,206
542,244,169,206
540,243,171,209
541,243,172,210
537,241,174,212
537,241,175,213
537,241,175,214
535,241,177,215
533,239,178,217
533,240,177,217
533,240,178,218
533,240,179,219
531,239,180,220
531,238,182,222
529,237,182,222
527,236,184,224
528,236,184,225
527,237,184,225
527,237,185,225
526,236,185,226
525,235,186,227
524,233,187,229
525,234,188,229
523,233,189,231
524,233,189,231
523,233,188,230
524,233,189,231
522,233,189,231
523,234,190,232
522,233,190,232
521,232,191,233
520,231,191,234
520,231,192,234
522,233,190,232
522,233,191,233
520,232,192,234
521,233,192,234
521,233,192,234
521,233,192,234
521,233,192,234
521,235,192,234
521,235,193,235
519,233,193,235
520,235,192,235
519,235,193,236
518,232,193,236
518,233,193,236
518,233,193,235
517,233,192,235
519,235,192,234
519,236,192,234
517,233,193,235
517,233,193,235
517,234,192,234
517,234,191,234
518,235,190,232
518,235,189,231
518,236,189,230
521,238,186,227
519,236,187,228
521,239,185,226
522,240,183,223
521,239,184,225
522,242,181,221
524,243,180,220
522,242,181,220
523,243,178,218
523,243,177,216
524,244,177,216
524,246,175,214
523,246,175,213
523,247,173,211
522,246,173,210
523,247,173,210
522,248,171,208
522,248,170,207
521,247,171,208
521,249,168,205
523,250,168,204
521,251,166,202
523,252,166,201
522,251,165,201
523,252,164,199
523,252,164,200
521,251,164,199
522,253,163,198
521,253,162,197
521,255,157,195
523,256,156,194
521,256,159,194
521,257,153,191
521,257,153,191
519,258,154,192
519,259,153,190
518,259,153,191
517,260,153,190
518,261,151,189
518,262,150,187
517,264,150,187
516,263,149,186
515,263,150,187
515,264,149,186
513,263,149,186
513,263,149,186
510,263,149,185
510,263,148,184
509,264,146,181
510,265,146,181
510,265,146,181
509,265,146,181
509,266,145,180
508,265,145,180
508,266,144,179
509,266,142,180
507,265,140,182
505,265,139,182
505,265,141,183
505,267,139,181
504,266,139,180
505,267,138,179
505,267,138,179
506,267,138,179
507,265,138,179
507,264,138,180
508,265,138,179
508,264,138,180
509,264,139,181
510,264,140,182
510,264,134,172
510,264,134,172
512,262,134,172
512,262,134,172
512,262,134,172
514,261,136,175
514,260,137,176
517,260,136,175
517,261,134,172
518,261,135,173
521,262,134,172
521,262,134,173
521,262,135,173
525,262,133,171
525,262,132,170
530,259,133,171
529,258,133,171
530,259,131,169
534,255,134,172
535,254,134,172
535,254,134,172
537,253,135,174
537,254,136,174
539,255,136,175
539,256,136,175
540,256,136,175
541,257,136,174
541,257,136,175
542,257,136,175
544,259,134,173
543,259,136,174
542,258,135,173
544,258,135,173
543,258,134,173
543,259,135,174
542,257,138,177
541,258,136,174
541,258,136,174
541,257,138,177
540,257,138,177
540,257,138,177
540,257,138,177
539,255,139,179
538,255,140,179
537,255,139,178
537,255,138,177
540,255,138,177
538,255,139,178
538,256,136,174
538,255,136,175
537,256,137,176
537,258,136,174
537,257,137,175
536,258,136,174
535,258,136,175
537,261,135,173
537,262,135,173
536,262,135,173
538,264,134,171
539,264,134,172
538,265,133,171
545,267,132,169
544,266,134,172
552,266,133,171
551,266,133,170
553,267,133,170
561,268,133,171
560,268,134,171
560,268,134,173
570,268,135,173
568,267,135,174
581,265,136,174
584,264,136,175
585,265,135,174
596,263,135,174
596,262,135,174
596,262,135,174
605,259,135,174
606,259,134,172
617,256,136,175
616,255,137,176
616,255,137,176
625,253,136,174
625,252,135,174
625,252,135,174
633,253,137,177
632,254,135,174
640,260,136,175
639,259,136,175
638,259,136,175
641,260,136,176
641,261,135,174
642,261,135,174
643,262,134,172
644,262,134,172
646,265,133,171
647,265,134,173
647,266,132,170
648,268,133,171
648,268,133,171
648,268,133,171
649,270,133,171
648,268,139,173
648,269,139,173
648,269,139,173
648,269,139,173
647,269,138,172
646,268,138,172
646,268,138,172
646,270,137,170
646,270,137,170
645,269,136,170
645,269,136,170
645,269,135,168
644,269,135,168
644,269,135,168
644,270,135,168
642,269,134,167
641,269,134,167
639,269,133,166
639,269,133,165
638,268,133,165
634,268,132,164
634,268,132,164
635,269,132,164
632,269,131,163
631,269,131,163
627,269,131,162
628,269,131,163
628,269,131,163
622,266,131,164
622,266,132,164
622,266,132,164
616,258,131,163
618,260,130,161
617,260,130,161
612,257,129,160
613,257,129,161
608,261,128,159
609,262,128,159
609,263,128,159
603,275,127,158
604,276,127,158
603,276,127,158
598,279,126,157
598,280,126,157
592,280,126,157
593,280,126,157
592,280,126,157
586,283,125,156
587,284,125,155
587,284,125,156
580,288,125,155
581,289,125,155
575,282,124,155
575,282,124,154
576,282,124,155
569,273,124,154
570,274,124,154
570,274,124,154
566,275,124,154
566,276,124,154
563,275,124,155
562,275,124,154
562,275,124,154
561,264,124,154
560,264,124,154
559,263,124,154
556,255,123,154
556,255,123,154
554,256,123,154
553,256,123,153
553,256,123,153
552,263,124,154
552,262,124,155
551,262,124,154
549,263,123,153
549,262,124,154
548,267,123,153
547,266,123,153
548,266,123,153
545,274,123,154
545,273,124,154
545,273,123,154
542,275,124,154
542,275,123,153
541,273,124,154
541,273,124,154
541,272,124,154
540,271,124,154
539,271,124,154
539,270,124,154
537,269,123,153
538,270,123,153
537,268,124,154
536,268,124,154
536,267,124,154
538,266,123,153
539,266,124,154
538,265,124,154
539,267,123,153
538,266,123,153
538,268,124,154
538,268,124,154
538,268,124,154
538,267,124,154
538,267,124,154
538,267,124,154
539,267,124,154
539,267,124,154
540,267,125,155
539,267,124,154
539,266,124,154
541,266,124,154
541,265,124,154
541,265,124,154
545,267,124,154
545,267,124,154
549,267,124,154
549,267,124,154
549,267,124,154
554,267,124,154
554,267,124,154
554,267,124,154
558,268,124,154
558,268,124,155
562,268,124,154
562,268,124,155
562,268,124,154
566,268,124,154
566,269,124,154
567,269,124,154
570,272,123,153
569,272,124,154
569,273,124,154
570,274,124,154
569,274,124,154
570,275,123,153
571,276,123,153
571,276,123,153
572,277,123,153
572,278,123,153
572,277,123,153
572,277,123,153
572,277,123,153
570,276,123,153
570,276,123,153
569,276,123,152
569,276,123,153
569,276,122,152
568,278,122,152
569,279,122,152
569,279,122,152
568,280,122,152
567,279,122,152
566,279,122,152
567,278,122,152
566,277,122,151
566,272,120,150
566,272,120,149
566,272,120,150
566,270,120,149
567,270,120,149
567,270,120,149
570,270,119,148
571,271,119,148
576,273,117,146
578,275,117,146
578,275,118,147
580,285,118,147
581,285,118,146
580,285,117,146
582,293,117,146
582,292,117,146
582,292,117,145
582,291,117,145
582,291,117,145
583,290,117,145
583,289,117,145
583,289,117,146
588,287,117,145
588,286,117,145
592,284,117,145
592,283,117,145
592,283,116,145
596,284,116,145
596,284,116,145
596,284,116,145
600,283,116,144
599,282,115,144
603,279,115,143
602,278,115,143
602,278,115,143
603,278,115,143
603,278,115,144
603,278,115,143
602,282,116,144
602,282,116,144
601,287,116,144
600,287,116,144
601,287,116,144
597,290,115,143
598,291,115,143
598,291,115,143
596,291,116,144
596,291,115,144
595,285,115,143
594,285,115,143
595,285,115,143
592,279,115,143
592,280,115,143
592,280,115,143
591,278,116,144
592,278,116,144
590,278,116,144
590,278,116,144
590,278,116,144
588,278,117,145
589,278,116,145
589,279,116,145
588,278,116,144
588,278,116,145
587,278,116,144
587,278,117,145
587,278,116,145
589,278,116,145
589,278,116,145
589,278,116,145
589,277,117,145
589,276,117,145
587,273,117,146
587,274,118,146
586,273,118,146
585,272,118,147
586,272,118,147
585,271,119,147
585,270,122,148
585,270,122,148
584,270,122,148
583,269,121,147
583,270,121,147
583,271,121,147
584,271,123,147
584,271,123,147
584,272,123,147
584,273,123,147
584,275,122,146
585,275,122,145
584,274,122,146
587,277,122,146
587,277,122,146
587,277,122,146
586,277,122,145
586,277,121,145
587,277,121,145
588,277,121,145
588,277,122,146
593,275,121,145
593,275,121,145
593,275,121,145
594,273,121,144
594,273,120,144
596,272,119,143
596,272,119,142
596,272,119,142
598,270,118,142
599,270,119,142
599,270,119,143
601,269,119,143
600,268,119,142
602,268,118,142
602,268,118,141
602,268,118,141
607,271,118,141
606,271,118,142
605,271,117,140
609,272,117,140
608,273,116,139
611,273,117,140
610,273,117,140
612,273,117,140
613,273,117,140
614,274,117,140
614,274,117,140
616,274,117,140
616,274,117,140
616,274,117,140
617,274,116,140
616,274,116,139
615,275,116,139
615,275,116,139
615,275,116,139
615,275,116,139
615,275,116,139
614,274,116,139
615,276,117,142
615,276,117,142
613,277,117,142
612,277,117,142
612,277,117,142
610,280,117,142
611,281,116,141
610,280,116,141
607,282,116,141
607,282,116,141
607,286,115,140
605,285,116,140
605,285,115,140
601,285,116,141
603,289,115,140
603,289,115,140
599,287,115,140
598,286,115,140
593,285,115,140
593,285,115,140
592,285,115,140
587,285,115,140
587,285,115,140
586,285,115,140
581,284,115,140
582,285,115,140
575,285,115,141
575,284,115,140
576,284,115,140
569,283,116,141
569,283,115,141
569,283,115,140
562,283,115,140
561,283,114,139
554,285,114,139
554,285,114,139
553,285,114,139
549,290,114,140
548,289,115,140
547,289,115,140
545,292,114,140
543,292,114,139
541,292,114,139
540,292,114,139
539,292,114,139
536,293,114,139
535,292,114,139
535,292,114,139
533,292,114,139
531,292,114,139
529,293,113,138
530,294,113,138
529,293,113,138
527,294,113,138
527,294,113,138
527,294,113,138
524,294,113,137
523,292,113,138
521,292,113,137
520,293,113,137
521,293,113,137
517,292,114,138
517,292,114,138
517,292,114,138
515,292,114,138
515,292,114,138
514,291,114,137
514,291,114,138
514,291,114,138
512,289,115,139
512,289,114,138
511,289,113,137
512,288,113,137
511,287,113,137
512,285,113,137
512,284,113,137
512,284,113,137
513,281,113,136
513,281,113,136
514,281,113,136
509,281,117,136
511,280,115,136
508,281,119,135
508,281,119,135
508,281,119,135
509,280,119,135
503,278,124,135
503,278,124,135
503,276,124,135
503,276,124,135
503,274,124,135
499,274,127,135
499,274,127,135
499,272,127,135
498,271,128,136
498,272,127,135
494,270,133,136
492,269,136,137
492,272,136,137
492,272,135,136
491,271,137,138
492,273,137,138
485,272,144,138
485,272,144,138
485,267,147,141
486,267,146,140
489,266,144,138
482,265,150,138
482,265,150,138
480,261,153,138
479,263,153,134
478,262,155,137
473,262,158,139
470,264,160,137
467,272,161,138
467,272,161,138
466,272,161,138
464,272,161,138
459,274,159,136
459,274,159,136
455,272,160,137
453,272,164,137
443,271,167,137
443,271,167,137
443,271,167,137
439,275,167,137
438,275,167,137
438,276,167,137
435,281,166,137
426,279,176,138
421,281,177,139
420,281,178,139
419,281,178,139
415,282,179,140
416,282,179,140
416,282,179,140
409,282,181,142
408,282,181,142
402,283,182,142
401,283,183,143
401,283,183,143
395,284,185,145
393,283,187,146
395,284,185,145
384,281,187,146
383,281,188,147
376,280,189,148
373,279,191,149
375,280,189,148
365,281,191,149
364,279,193,151
364,281,192,150
351,281,194,152
351,281,194,152
344,282,195,153
341,280,197,154
340,280,197,155
333,281,197,154
331,279,198,155
332,280,198,155
319,278,199,156
319,276,201,158
308,278,202,158
307,278,202,158
309,279,201,158
296,278,203,160
295,279,205,160
294,279,205,160
280,277,207,162
281,277,206,162
264,275,209,164
266,275,209,164
280,276,195,163
265,277,198,165
264,276,199,166
267,278,197,165
250,279,198,166
249,277,200,167
235,275,199,167
235,274,199,166
235,274,199,166
221,273,198,165
226,273,193,165
225,273,194,166
209,267,195,166
208,266,196,168
190,268,198,169
190,268,198,169
195,263,190,183
178,266,191,184
180,269,190,183
180,269,190,183
167,270,187,185
167,270,187,185
150,270,187,185
150,270,188,186
148,269,189,187
138,267,181,190
141,265,175,187
144,264,171,188
125,263,174,193
127,263,171,192
110,264,170,192
108,262,173,195
109,263,171,193
91,265,172,194
91,265,172,194
91,265,172,194
80,267,167,196
81,267,167,197
66,267,163,200
68,266,161,201
68,266,161,201
50,267,162,202
51,268,161,201
52,270,160,200
30,271,162,202
30,271,162,203
