257,88,22,21
257,88,22,21
257,88,22,21
257,88,22,21
258,88,22,21
258,88,22,21
259,88,22,21
258,88,22,21
259,88,22,21
259,88,22,21
259,88,22,21
260,88,22,21
259,88,22,21
259,88,22,21
259,88,22,21
260,88,22,21
260,88,22,21
260,88,22,21
260,88,22,21
260,88,22,21
260,88,22,21
260,88,23,22
260,88,23,22
260,88,23,22
261,88,23,22
261,88,23,22
261,88,23,22
261,88,23,22
261,88,23,21
261,87,23,22
261,88,23,22
261,88,23,22
261,87,23,22
261,87,23,22
261,87,23,21
261,87,23,22
261,87,23,22
262,88,23,22
262,88,23,22
262,88,23,22
262,88,23,22
263,87,21,22
263,87,21,22
263,87,21,22
263,87,21,22
263,87,21,22
263,87,21,22
263,87,21,22
263,87,21,22
264,87,21,22
264,87,21,22
263,87,21,22
263,87,21,22
263,87,21,22
263,87,21,22
263,87,21,22
263,87,21,22
263,87,21,22
263,87,21,22
263,87,21,22
263,87,21,22
263,87,21,22
263,87,21,22
263,87,21,22
263,87,21,22
262,87,21,22
262,87,21,22
262,87,21,22
262,87,21,22
262,87,21,22
262,87,21,22
263,88,21,22
262,87,21,22
262,87,21,22
262,87,21,22
262,88,21,22
261,87,21,22
261,87,21,22
261,88,21,22
261,88,21,22
261,88,21,22
260,88,21,22
260,88,21,22
260,88,21,22
260,88,21,22
260,88,21,22
260,88,21,22
260,88,21,22
260,88,21,22
260,88,21,22
260,89,21,22
259,87,21,22
259,87,21,22
259,87,21,22
259,87,21,22
259,87,21,22
259,87,21,22
259,87,21,22
258,87,21,22
258,87,21,22
258,87,21,22
258,88,21,22
258,88,21,22
257,87,21,22
258,87,21,22
258,88,21,22
258,88,21,22
258,88,21,22
258,88,21,22
257,88,21,22
257,88,21,22
257,88,21,22
257,88,21,22
257,88,21,22
257,88,21,22
257,88,21,22
257,88,21,22
257,88,21,22
257,88,21,22
256,88,21,22
256,88,21,22
256,88,21,22
256,88,21,22
257,89,21,22
257,89,21,22
256,89,21,22
256,89,21,22
256,89,21,22
256,88,21,22
256,88,21,22
255,88,21,22
256,89,21,22
256,89,21,22
256,89,21,22
256,89,21,22
256,89,21,22
256,89,21,22
256,89,21,22
256,89,21,22
255,89,21,22
255,89,21,23
255,89,22,23
255,89,22,23
255,89,22,23
255,89,22,23
255,89,22,23
255,89,22,23
255,89,22,23
255,89,22,23
255,89,22,23
255,89,22,23
255,89,22,23
254,89,22,23
254,90,22,23
254,90,22,23
254,89,22,23
254,89,21,22
254,89,21,22
254,89,21,22
254,89,21,22
254,90,21,22
254,90,21,22
253,90,21,22
253,90,21,22
253,90,21,22
253,90,22,23
253,90,22,23
253,90,22,23
252,90,22,23
252,90,22,23
252,90,22,23
253,90,22,23
252,90,22,23
252,90,22,23
252,90,22,23
252,90,22,23
253,90,22,23
252,91,22,23
252,91,22,23
252,90,22,23
252,91,22,23
251,91,22,23
251,91,22,23
251,91,22,23
251,91,22,23
251,91,22,23
251,91,22,23
251,91,22,23
251,92,22,23
250,91,22,23
251,91,22,23
251,91,22,23
250,91,22,23
250,91,22,23
251,92,22,23
250,92,22,23
250,92,22,23
250,92,22,23
250,93,22,23
250,93,22,23
250,93,22,23
250,93,22,23
250,93,22,23
250,93,22,23
249,93,22,23
249,93,22,23
249,93,22,23
249,94,22,23
248,93,22,23
249,94,22,23
248,94,22,23
249,94,22,23
248,94,22,23
248,94,22,23
248,94,22,23
247,94,22,23
247,94,23,24
248,94,23,24
247,95,23,24
247,94,23,24
247,94,23,24
246,94,23,24
246,94,23,24
246,95,23,24
246,94,23,24
246,95,23,24
245,94,23,24
246,95,23,24
245,95,23,24
244,95,23,24
243,95,25,26
243,95,25,26
243,95,25,26
242,95,25,26
242,95,25,26
242,95,25,26
242,95,25,26
242,95,25,26
242,96,25,26
241,95,25,26
241,95,25,26
241,96,25,26
241,96,25,26
240,96,25,26
241,96,25,26
241,96,25,26
241,96,25,26
240,97,25,26
240,97,25,26
239,96,25,26
239,97,25,26
239,97,25,26
239,97,25,26
239,97,25,26
239,97,25,26
238,97,25,26
238,97,26,27
238,97,26,27
237,97,26,27
237,97,26,27
236,97,27,28
236,97,27,28
236,97,27,28
235,97,27,28
235,97,27,28
235,98,27,28
234,97,27,28
235,98,27,28
236,98,26,27
236,98,26,27
236,99,26,27
236,99,26,27
236,99,26,27
235,99,26,27
236,99,25,26
236,99,25,26
236,100,25,26
235,100,25,26
236,100,26,27
234,101,25,26
234,101,25,26
233,101,25,26
234,101,25,26
234,102,24,25
234,102,25,26
233,102,25,25
233,102,24,25
233,102,24,25
233,102,24,25
233,102,25,26
232,102,25,26
233,102,24,25
233,102,24,25
233,103,24,25
233,103,24,25
233,103,24,25
233,103,24,24
233,104,23,24
232,104,23,24
232,104,23,24
233,104,23,24
231,104,23,24
232,105,23,24
229,105,24,25
229,105,24,25
228,104,25,26
228,104,25,26
228,104,25,26
227,104,25,26
228,104,25,26
227,104,25,26
227,105,25,26
227,104,25,26
227,104,25,26
226,104,26,27
226,104,26,27
226,104,26,27
226,104,26,27
226,104,26,27
226,104,26,27
226,104,26,27
226,105,26,27
226,105,25,27
225,105,25,26
226,105,25,26
226,105,25,26
225,105,25,26
225,106,25,26
225,107,25,26
225,107,25,26
225,107,24,25
224,108,24,25
223,104,27,27
223,104,27,27
223,104,27,27
222,105,27,27
219,106,28,26
219,106,28,26
219,106,28,26
219,106,28,26
219,106,28,26
219,106,28,26
216,107,27,28
216,107,27,28
216,107,27,30
216,107,27,30
215,107,27,30
215,108,27,30
215,108,26,29
215,108,26,29
216,108,26,30
215,108,26,30
215,108,26,30
215,108,26,30
214,108,26,30
214,108,26,30
214,109,26,30
215,109,26,30
212,109,26,30
212,109,27,31
212,108,27,31
212,109,27,31
211,109,27,31
211,109,27,31
211,109,27,31
210,109,27,31
210,110,28,30
209,110,29,31
209,110,29,31
209,110,29,31
209,110,29,31
209,111,29,31
208,111,31,32
207,111,31,32
207,111,31,32
207,111,31,32
207,111,31,32
206,113,33,30
206,113,33,30
206,113,33,30
206,113,33,30
206,113,33,30
205,113,33,30
205,113,33,30
205,113,33,30
206,114,33,30
205,114,33,30
205,114,33,30
204,114,33,30
204,114,33,30
203,114,33,30
202,114,32,32
202,114,32,32
202,114,32,32
202,114,32,32
200,115,32,32
200,115,32,32
200,115,32,32
200,115,32,32
200,115,32,32
200,114,32,34
200,114,32,34
200,114,32,34
197,114,34,34
196,113,34,34
196,114,34,34
196,114,34,34
196,114,34,34
196,114,35,35
196,114,35,35
194,114,35,35
194,114,36,36
194,115,35,35
194,115,35,35
194,115,35,35
194,115,35,35
194,115,35,35
191,113,37,37
192,114,37,37
191,114,36,36
191,114,36,36
191,114,36,36
191,115,36,36
190,114,36,36
190,114,36,36
190,114,36,36
191,115,36,36
190,114,36,36
190,114,36,36
190,114,36,36
190,115,36,36
190,115,36,36
190,115,36,36
190,115,35,38
189,115,36,36
190,115,35,37
188,115,37,38
188,115,37,38
187,115,37,38
187,115,37,38
185,115,40,38
184,114,40,40
184,114,40,40
184,115,39,39
184,115,39,39
184,115,39,39
184,115,39,39
184,115,39,39
183,115,39,39
183,115,39,39
183,115,39,39
183,115,39,39
183,115,39,39
181,115,36,38
181,115,36,38
181,115,36,38
181,115,36,38
181,115,36,38
181,115,36,38
181,115,36,38
180,115,36,38
180,115,36,38
180,115,36,38
180,115,36,38
180,115,36,38
178,115,38,38
177,115,38,38
177,115,38,38
177,115,38,38
177,115,38,38
176,115,38,38
176,115,38,38
176,115,38,38
176,115,38,38
176,114,38,41
176,114,37,40
176,114,37,41
175,114,38,41
175,114,38,41
175,114,37,40
175,114,37,40
175,114,37,40
175,114,37,40
172,114,37,40
172,113,37,40
172,114,37,40
172,113,37,40
171,113,38,40
172,114,38,40
171,113,38,41
171,113,38,41
171,113,38,41
171,113,38,41
170,113,38,41
170,113,38,41
170,113,38,41
170,113,38,41
170,113,38,41
169,113,38,41
169,113,38,41
170,113,38,41
169,113,38,41
169,113,38,41
168,113,38,42
168,113,38,42
167,113,38,42
167,113,39,43
167,113,39,43
167,112,39,43
166,112,39,43
167,113,39,43
167,113,39,43
167,113,39,43
167,113,39,43
167,113,39,43
166,113,39,43
166,113,40,44
166,112,39,43
166,112,40,43
166,113,40,44
166,113,39,43
166,113,39,43
166,113,39,43
166,113,40,44
166,113,40,44
166,113,40,44
166,113,40,44
166,113,40,44
166,113,40,44
166,113,39,43
166,113,40,44
166,113,40,44
166,113,40,44
166,113,40,44
166,113,40,44
166,113,40,44
166,113,40,44
165,114,43,43
164,114,43,43
165,115,43,43
165,115,43,43
165,115,43,43
166,115,43,43
165,114,43,43
165,114,43,43
165,114,43,43
165,114,43,43
166,114,44,44
166,114,43,43
166,114,44,44
166,114,44,44
166,114,44,44
166,113,45,45
167,113,45,45
167,112,46,46
170,113,46,46
170,113,46,46
171,114,48,46
172,114,48,46
172,114,48,46
172,113,48,46
172,113,49,47
175,115,48,46
175,114,48,46
176,114,48,46
176,114,48,46
176,114,49,47
177,114,48,47
177,113,48,47
177,113,49,47
178,114,48,48
178,114,55,48
178,114,55,49
180,114,54,50
179,114,54,49
181,114,52,49
183,114,55,50
183,114,57,51
184,114,58,50
185,114,58,50
185,114,58,50
188,115,60,50
188,115,60,50
189,115,60,50
193,116,61,50
193,115,62,51
193,115,62,51
195,115,62,51
196,115,62,51
195,115,66,52
196,115,65,51
200,115,65,51
201,115,66,52
201,115,66,52
203,114,68,54
203,114,68,54
206,113,69,56
207,113,68,55
208,113,68,55
209,113,69,56
211,113,69,56
213,113,69,56
215,113,69,56
216,113,71,56
219,111,72,57
223,111,69,57
223,111,71,58
229,112,68,58
231,112,68,58
233,113,68,58
234,113,68,58
235,115,72,59
237,115,73,59
238,118,73,54
240,116,77,56
242,116,76,55
243,116,77,57
244,117,79,57
247,117,79,57
249,118,78,56
251,118,78,56
253,120,82,56
256,119,81,55
257,119,87,56
259,120,89,55
261,120,88,55
262,120,88,55
264,120,88,55
269,120,87,55
270,120,87,55
273,120,85,54
277,121,88,55
278,121,94,58
278,121,98,58
281,120,98,61
285,120,98,61
287,119,98,61
292,120,97,60
295,120,97,60
299,119,97,61
303,122,97,58
307,122,95,59
309,122,97,59
311,121,100,60
317,122,96,59
320,120,95,60
327,122,102,60
330,122,102,60
332,121,102,61
335,122,101,60
