541,227,51,61
541,227,51,61
541,228,51,61
541,228,51,61
541,228,51,61
541,225,52,62
541,225,52,62
541,225,52,62
541,224,52,62
541,224,52,63
541,224,53,63
541,223,53,63
541,224,53,64
541,224,53,64
541,224,53,64
541,225,54,65
541,225,54,65
541,226,54,65
542,225,54,65
542,225,55,65
542,224,55,65
541,224,55,66
542,224,55,65
543,225,54,65
543,225,54,65
542,225,54,65
543,226,54,65
542,225,54,65
543,226,55,66
543,226,55,66
544,227,55,65
544,227,54,65
543,227,56,67
542,227,56,67
542,227,56,67
544,227,56,67
544,228,56,67
544,228,56,68
545,227,58,69
545,228,58,69
545,227,58,69
545,227,58,69
546,223,59,70
546,224,59,70
546,224,58,70
546,215,60,72
546,214,60,72
545,213,61,73
544,209,62,74
544,209,63,75
544,209,62,75
545,209,62,74
544,209,63,76
544,209,64,76
544,209,64,76
543,213,65,78
543,212,65,78
543,212,65,78
542,220,67,80
542,219,67,81
542,220,68,81
542,219,68,81
541,219,69,82
541,219,69,83
540,218,70,83
540,214,71,85
540,213,72,86
539,213,72,86
539,212,74,88
539,213,74,88
539,212,74,89
539,213,74,88
538,213,75,90
538,214,76,91
538,214,76,91
538,213,78,93
538,212,79,94
537,212,79,94
537,210,80,96
536,207,81,97
536,207,81,97
536,207,81,97
535,206,83,99
535,206,84,100
535,205,84,100
534,207,86,103
533,207,87,104
533,206,87,104
532,206,89,106
532,206,90,108
532,206,90,108
532,206,90,108
531,204,93,111
531,204,93,112
531,204,93,111
532,203,95,114
534,198,94,118
534,198,94,118
533,197,96,121
533,197,97,122
533,197,97,122
533,197,97,122
532,196,100,125
532,196,100,126
531,195,101,126
531,196,103,129
531,196,104,130
531,196,104,131
531,196,106,133
529,193,106,137
529,193,106,137
529,193,106,137
529,193,108,139
528,192,108,140
528,192,109,141
529,192,110,142
528,192,111,143
529,192,111,143
528,190,113,146
528,190,114,147
527,190,115,148
527,190,115,148
528,189,116,150
527,189,121,153
527,189,121,153
527,189,123,156
526,188,124,157
526,188,124,157
526,188,124,157
525,188,127,161
525,188,128,162
525,189,128,162
524,188,131,166
524,188,132,167
524,188,133,168
522,186,135,171
522,187,136,172
521,187,137,173
521,185,137,173
520,186,138,175
519,186,138,174
520,186,140,177
517,184,142,179
517,185,143,180
517,184,143,180
514,182,145,183
513,182,146,184
514,183,146,184
513,182,146,185
510,182,148,187
511,183,149,188
510,182,148,187
507,180,151,191
506,180,152,192
507,181,152,192
503,179,154,194
499,178,155,192
499,178,155,192
499,178,155,192
495,176,157,194
494,176,157,195
495,176,157,195
490,174,159,197
489,174,159,197
489,173,159,197
485,173,160,198
485,174,160,198
484,173,160,198
485,173,160,198
477,172,161,199
478,172,161,200
477,171,161,200
470,170,161,200
471,170,161,200
472,172,161,199
468,173,160,198
466,173,160,198
464,170,162,201
465,171,162,201
463,172,161,200
463,172,161,199
463,172,161,200
460,172,161,199
462,173,160,199
460,173,160,199
459,174,160,198
459,175,160,198
460,176,160,198
461,177,159,197
461,178,159,197
459,177,160,198
460,178,159,198
463,179,159,196
464,179,158,196
465,180,156,193
471,182,155,192
470,181,155,192
470,180,155,192
472,180,156,192
477,181,155,191
476,180,155,191
478,181,155,190
481,182,154,190
480,181,154,189
482,182,154,190
483,181,153,189
483,180,153,188
484,181,153,188
486,181,149,190
490,180,149,189
491,182,148,189
490,181,148,189
493,182,147,187
493,182,150,191
493,181,151,193
494,184,148,188
494,184,147,188
495,185,148,189
494,184,147,188
495,185,148,188
495,185,147,188
495,184,150,191
495,184,149,190
495,184,147,185
495,184,147,185
495,184,147,185
495,183,147,185
493,183,146,183
493,183,146,183
493,183,146,183
493,183,146,183
491,182,146,183
492,184,146,183
493,185,145,182
491,184,146,184
490,189,145,177
490,188,146,178
490,189,145,178
491,190,145,177
488,188,146,178
487,189,145,177
488,190,145,177
484,191,147,180
484,191,146,178
485,192,145,177
480,190,147,180
479,189,146,178
479,189,146,178
479,189,145,177
476,188,146,178
475,187,145,177
474,187,145,177
471,187,146,178
470,188,145,177
469,187,144,176
464,189,144,176
465,190,144,176
464,189,144,176
465,190,144,176
460,190,144,176
460,189,144,175
458,188,144,175
453,185,143,175
453,186,143,175
453,185,143,174
449,187,141,173
448,187,141,172
446,184,141,172
446,184,141,172
439,183,140,171
439,184,140,170
440,185,140,171
403,196,138,168
403,196,138,168
402,194,139,170
405,193,142,172
407,195,139,169
407,195,138,168
407,195,138,168
410,202,138,168
409,201,137,167
409,201,137,167
412,202,137,166
412,202,137,167
411,201,137,166
414,201,135,164
413,201,135,164
415,202,135,164
414,202,135,164
418,199,133,162
418,198,134,163
417,199,133,162
420,200,134,163
419,199,134,163
419,199,134,163
422,203,133,162
422,204,132,161
422,204,132,161
420,202,134,163
425,204,132,161
424,204,132,161
424,204,132,161
426,198,132,160
427,198,131,160
428,199,131,159
428,196,132,161
430,198,131,160
429,196,132,161
429,197,132,161
430,203,132,160
430,202,132,160
431,203,131,160
432,208,131,160
434,209,131,160
433,208,123,155
433,202,123,155
434,202,123,155
434,203,122,154
435,203,120,151
436,201,119,149
436,200,117,148
437,200,118,149
436,202,119,151
436,200,120,151
436,201,120,152
435,200,121,152
435,200,121,152
435,200,121,152
435,200,121,153
436,198,119,150
436,198,119,150
437,198,119,150
437,196,119,150
436,196,119,150
437,196,119,150
437,194,119,150
437,195,119,150
437,194,119,150
437,195,119,150
438,194,119,150
438,194,119,150
438,195,119,150
439,197,119,151
438,197,119,150
438,197,119,150
437,198,120,151
437,199,120,151
438,199,120,151
437,198,120,151
437,199,120,151
437,200,120,151
438,200,119,150
436,202,120,151
437,204,120,151
437,204,120,151
437,205,120,151
437,205,120,152
436,203,121,152
437,205,120,151
434,201,121,152
436,201,121,152
436,201,121,152
431,200,121,152
430,199,121,152
429,199,121,152
426,200,121,152
425,201,121,153
425,201,121,153
426,202,121,153
422,201,122,154
421,200,122,154
422,201,122,154
419,200,122,154
419,201,122,154
419,201,122,154
415,200,123,154
414,200,123,154
415,200,123,154
415,200,123,154
412,200,122,154
414,201,122,154
414,201,122,154
412,200,123,155
412,198,122,156
412,198,122,156
412,198,123,157
413,197,123,157
412,196,123,157
412,196,123,157
414,196,122,156
415,197,122,156
414,196,122,156
415,196,122,156
415,196,123,157
415,196,122,156
416,197,122,156
418,198,122,156
418,198,122,156
418,198,122,156
420,199,122,156
420,200,122,156
420,199,122,156
423,199,122,156
420,199,128,156
420,199,128,156
420,199,128,156
425,197,127,155
425,197,128,156
426,197,128,156
432,196,126,154
432,196,125,153
433,196,125,152
440,195,124,151
439,194,124,151
440,195,124,151
440,196,123,150
445,194,123,150
445,195,123,149
446,195,122,149
453,196,120,147
451,194,121,148
452,196,120,147
457,196,120,146
457,195,120,147
458,197,119,146
457,196,119,146
463,196,119,145
462,196,119,145
462,196,118,144
470,198,117,142
468,198,117,142
471,198,112,142
476,200,111,140
475,199,110,140
476,200,110,140
476,200,110,140
482,201,109,138
482,201,109,138
482,201,109,138
486,199,108,137
487,200,108,137
486,199,108,137
490,197,108,136
493,197,106,134
494,196,106,134
494,196,106,134
498,197,103,133
499,197,104,132
499,197,104,132
501,197,103,131
501,198,103,130
502,199,102,129
503,199,101,128
504,200,101,128
504,199,100,128
503,199,100,127
504,200,100,127
504,200,99,126
506,201,99,125
504,201,98,125
504,202,98,125
505,202,98,124
504,207,97,123
506,207,94,123
506,207,94,124
507,208,94,123
505,214,93,122
505,214,93,122
505,214,93,122
504,217,92,121
504,218,92,120
505,218,92,120
505,217,89,116
505,217,89,116
505,216,89,116
505,216,89,116
504,214,88,115
503,212,89,116
503,212,88,115
502,217,88,115
503,217,87,114
503,217,87,114
501,222,87,114
501,221,87,114
501,221,88,115
501,221,87,114
501,221,86,113
501,222,86,113
501,222,86,112
502,220,85,112
502,220,85,111
502,220,85,111
502,219,85,111
502,219,85,111
502,219,85,111
502,219,85,111
502,219,85,111
502,219,85,111
502,219,85,111
502,220,85,111
502,220,85,111
502,220,85,111
502,220,85,111
502,220,85,111
502,220,85,111
502,220,85,111
502,220,84,110
502,219,85,111
502,219,85,111
502,219,85,111
502,219,85,111
502,219,84,110
502,219,85,111
502,219,85,111
502,219,85,111
502,219,85,111
502,219,85,111
502,219,85,111
502,219,85,111
502,218,85,111
502,218,85,111
502,218,85,111
501,215,85,112
501,215,85,112
501,214,85,112
501,214,86,112
502,214,86,112
501,213,86,113
501,212,87,113
501,212,87,113
501,212,87,113
501,211,87,114
500,210,87,114
500,209,88,115
500,209,88,115
500,209,88,115
500,209,89,117
499,208,90,117
499,208,90,117
499,211,90,118
498,211,91,119
498,211,91,119
497,211,92,121
497,212,92,120
497,212,92,120
497,212,92,120
496,212,93,122
495,210,94,123
494,210,94,124
494,215,95,125
494,213,96,125
493,211,96,125
494,214,97,126
492,213,97,127
492,213,98,128
493,213,97,127
492,212,98,128
493,212,98,129
492,212,99,129
492,210,99,130
492,208,100,131
491,207,101,132
490,202,102,134
489,202,103,134
490,202,103,134
490,203,103,135
488,200,104,136
488,200,104,136
488,200,104,136
487,199,105,137
488,199,106,139
488,200,106,139
488,194,106,139
488,194,106,139
488,194,106,139
488,194,106,139
488,190,107,140
488,190,107,140
488,190,107,140
493,193,109,143
492,193,109,143
492,192,109,143
493,197,110,145
492,196,111,145
492,197,111,146
491,196,111,146
492,194,112,147
493,195,112,146
493,195,112,146
494,190,112,147
494,189,113,148
494,189,113,148
494,189,114,150
495,188,115,151
495,188,114,150
495,188,114,150
495,190,115,151
495,190,115,151
495,190,115,151
495,192,116,153
496,193,117,154
495,192,118,155
495,194,118,155
497,194,118,155
497,194,118,155
497,194,118,155
497,194,118,155
497,194,117,154
497,194,119,156
497,191,120,158
497,190,120,158
497,191,120,158
498,188,123,159
498,188,123,159
498,188,123,159
499,189,121,157
499,190,122,158
499,190,122,158
500,191,122,158
501,192,123,159
501,193,123,159
501,192,124,160
501,192,123,159
502,193,124,160
502,191,124,160
502,192,124,161
504,191,124,160
504,191,124,160
504,192,123,159
507,192,123,159
507,193,123,159
507,193,123,160
506,192,124,160
508,195,123,160
508,195,123,159
509,196,123,159
511,197,124,160
511,198,124,160
511,198,124,160
513,197,124,160
513,198,124,160
513,198,124,160
513,198,124,160
514,198,124,160
513,197,123,159
514,198,124,160
515,195,123,159
515,194,123,160
514,194,123,159
515,191,123,159
516,191,123,159
516,190,123,158
516,190,123,158
516,189,122,157
516,189,122,157
516,189,123,159
515,191,122,157
515,191,121,156
514,190,123,158
511,198,122,157
511,197,122,157
510,197,122,157
510,197,122,157
506,199,123,158
507,201,122,156
506,200,122,157
503,200,121,156
501,199,122,156
501,198,124,159
497,194,124,159
497,193,124,159
497,193,124,159
497,193,124,159
494,195,122,157
493,195,122,157
493,195,122,157
490,201,121,156
488,201,121,156
488,201,121,156
485,202,121,156
483,202,121,156
483,202,121,156
483,204,121,156
479,201,122,157
479,201,121,155
478,201,121,156
475,198,121,157
474,198,121,157
474,198,122,157
473,198,123,159
472,198,123,158
471,198,123,158
471,198,123,158
470,197,123,158
469,196,123,159
469,196,123,159
466,192,124,160
467,193,124,160
466,192,124,160
466,191,125,161
466,191,125,162
465,190,126,162
465,190,125,162
463,190,127,163
463,191,127,164
462,190,127,164
448,178,145,188
448,178,145,188
448,178,145,188
447,182,146,190
446,182,146,189
446,182,145,189
446,182,145,189
446,186,146,190
446,186,147,190
446,185,147,191
445,183,153,198
444,183,152,198
445,183,153,198
443,179,156,202
443,178,157,204
443,179,158,204
442,177,157,204
442,178,160,208
441,178,160,207
442,178,161,208
441,178,164,212
440,177,164,213
440,177,163,211
439,174,166,215
438,173,167,216
439,173,166,216
439,173,166,216
438,168,169,220
439,168,171,222
438,168,171,222
438,165,174,226
437,164,176,225
437,164,177,225
438,164,179,227
437,162,182,229
437,162,182,230
437,162,182,231
436,162,185,237
436,162,185,237
436,162,185,237
437,161,187,239
437,160,189,242
437,159,189,242
437,157,191,239
438,159,192,240
437,158,193,241
437,158,193,242
438,159,195,243
438,158,195,244
437,157,195,244
438,157,196,245
438,157,196,245
435,157,200,245
435,157,201,246
433,155,201,247
433,154,202,247
435,156,201,247
434,154,203,248
434,154,203,249
433,154,203,249
432,154,205,251
433,155,206,253
433,154,205,251
433,154,207,254
434,155,206,253
433,154,206,252
433,154,207,253
432,153,208,254
431,153,208,255
431,153,208,255
431,155,208,255
431,155,209,256
433,157,208,255
431,156,209,256
432,158,209,256
432,158,209,256
432,158,209,256
431,158,210,258
431,157,211,259
429,156,211,259
429,154,212,259
428,154,212,259
429,155,211,259
428,156,212,259
429,155,214,260
429,155,214,260
429,155,214,260
428,155,215,261
429,156,216,263
429,157,216,262
427,155,217,264
426,154,218,264
426,154,218,265
425,154,218,265
426,156,219,266
425,155,219,265
425,156,220,268
423,155,220,268
424,155,220,268
424,155,220,268
423,155,221,268
421,155,221,268
421,154,221,268
419,153,222,270
418,153,222,270
418,154,222,270
420,155,221,269
418,155,223,271
415,153,223,271
417,155,224,272
415,156,224,272
412,153,224,273
412,152,225,273
411,154,225,274
412,154,225,274
412,155,225,273
412,154,225,273
411,155,225,274
410,154,225,274
408,149,225,278
407,149,225,278
406,149,225,278
404,147,226,280
403,149,227,281
401,148,227,281
400,145,229,283
402,148,228,282
398,145,230,284
396,144,228,282
398,146,227,280
394,146,229,283
392,144,230,284
391,143,229,283
387,142,232,287
388,145,232,287
389,146,232,286
389,146,232,286
384,143,233,288
384,144,233,288
382,143,233,288
378,142,234,289
380,144,234,289
380,144,234,289
377,144,235,291
372,141,236,292
372,141,236,292
371,140,236,293
368,140,237,294
366,138,238,294
364,138,238,294
360,136,239,296
360,144,239,289
360,144,239,289
356,143,240,290
353,141,240,291
351,139,243,293
351,139,242,293
347,137,244,295
349,139,244,295
347,137,244,295
345,138,244,295
345,139,244,295
345,138,244,295
340,136,247,298
337,135,247,298
338,134,247,299
338,134,248,300
334,135,249,301
331,132,250,303
331,134,250,302
324,131,253,306
323,130,254,307
324,132,253,306
323,130,254,307
322,138,253,306
318,135,255,309
318,134,256,309
316,140,254,308
317,142,255,308
317,141,254,307
314,143,255,308
313,142,254,308
313,142,254,308
313,141,254,308
312,142,253,307
309,139,255,309
308,140,254,308
309,144,252,306
308,142,252,305
309,144,252,306
306,142,254,307
308,145,252,306
306,142,254,308
308,145,252,306
309,143,249,302
310,143,249,302
308,140,249,302
311,141,247,300
312,141,247,300
312,141,247,300
312,143,246,299
311,141,246,298
313,143,245,297
314,144,245,297
312,144,244,295
313,144,243,294
315,147,241,292
318,149,239,289
318,149,238,289
318,149,238,289
320,148,237,288
317,144,239,289
319,147,238,288
318,144,238,289
322,147,235,285
321,145,235,285
321,145,235,285
321,146,235,285
321,145,236,286
321,145,236,286
323,147,235,285
327,151,232,281
327,149,231,281
327,149,232,281
328,147,231,280
328,147,231,280
328,147,231,280
330,149,231,280
329,148,231,280
331,150,230,279
334,154,229,278
332,152,231,280
334,154,230,279
332,152,231,280
334,152,231,280
334,152,232,281
334,152,231,280
334,150,231,280
331,150,232,282
332,150,232,282
334,147,232,281
334,147,232,281
335,147,232,281
333,147,232,281
334,148,233,282
333,149,232,281
331,146,233,283
329,148,235,285
329,147,236,286
329,147,236,286
327,144,239,290
328,146,239,290
328,147,239,290
328,147,239,290
328,143,240,291
325,141,242,293
325,141,243,294
324,142,246,298
323,140,247,299
321,139,247,300
319,140,251,305
317,141,252,305
318,140,252,306
318,140,252,306
315,137,256,311
314,137,257,312
312,135,258,312
311,133,259,315
308,128,264,320
311,129,261,317
307,122,268,324
307,120,269,327
305,123,270,327
304,120,270,328
300,117,277,336
297,116,279,338
300,118,277,336
292,120,283,343
294,115,284,344
293,112,285,345
285,115,294,347
285,115,294,347
284,115,294,347
284,115,294,347
281,114,298,352
282,117,299,352
282,116,301,355
281,117,301,355
275,110,305,358
275,110,305,358
272,110,308,361
270,109,311,365
270,109,311,366
269,109,312,366
271,114,311,365
270,111,312,367
270,114,312,366
269,112,314,369
264,104,318,378
264,104,318,378
263,103,319,379
258,100,322,382
257,98,323,384
259,101,323,383
259,101,324,385
259,101,324,385
261,102,322,383
258,100,324,385
256,99,324,386
256,99,324,385
254,99,325,386
255,99,326,387
258,101,326,388
258,102,326,387
259,102,325,386
256,100,326,387
258,102,326,388
256,101,327,389
255,100,328,389
255,99,328,390
254,100,328,390
258,105,325,387
258,105,325,387
258,105,325,387
257,106,326,388
257,106,325,387
257,106,326,388
258,105,326,388
258,106,325,387
258,106,325,387
257,106,326,388
256,105,326,388
253,102,327,389
252,103,327,389
251,103,327,390
251,103,327,389
257,102,327,389
256,100,329,391
261,107,324,385
258,103,325,387
260,107,325,387
262,106,325,387
262,106,325,387
257,106,325,387
258,106,325,387
258,106,325,387
258,106,325,387
258,106,325,387
258,105,325,387
256,105,326,388
257,104,326,388
254,99,330,393
255,98,331,394
255,105,332,389
256,105,331,388
259,107,332,389
260,107,332,389
258,104,330,387
260,106,330,386
258,103,330,386
257,102,328,385
258,102,332,389
256,101,331,388
259,103,331,388
263,107,327,383
261,105,326,382
260,103,327,384
261,105,327,383
262,106,327,384
262,107,327,383
265,110,324,379
266,110,323,379
267,112,323,379
268,112,323,379
