859,289,166,128
861,292,167,129
861,292,168,129
861,292,168,130
859,295,171,131
860,295,172,133
863,303,173,133
862,302,173,134
862,302,174,134
863,306,176,135
862,305,178,137
863,306,176,136
863,303,178,138
863,302,179,138
863,299,180,139
862,298,180,139
864,298,179,138
865,300,180,143
864,299,182,145
865,300,180,143
866,303,183,145
866,304,184,146
865,303,185,147
865,302,186,148
863,300,189,150
864,299,188,149
865,300,188,149
865,300,187,149
865,299,189,150
867,297,185,157
867,298,187,159
866,297,188,159
867,296,190,161
867,298,190,161
867,298,190,161
866,297,190,161
863,306,190,161
863,305,189,160
852,310,191,162
852,311,190,161
854,313,189,160
848,312,191,162
848,311,191,162
848,311,191,162
843,309,193,164
845,311,191,162
836,309,194,164
837,308,194,165
839,310,192,163
831,309,194,165
832,310,195,165
833,310,195,165
832,311,190,163
832,311,190,163
827,309,191,164
825,307,192,165
825,306,192,165
819,304,192,165
819,304,192,165
819,304,192,165
814,302,191,164
811,300,192,164
803,302,193,166
803,304,191,164
801,302,193,165
792,309,192,165
793,310,192,165
793,310,192,165
785,312,193,166
784,312,194,166
777,310,193,165
774,308,195,167
775,309,193,166
769,308,193,166
769,307,193,166
769,307,193,166
761,308,190,168
763,309,189,167
753,310,188,166
752,310,189,166
754,309,186,167
746,305,187,168
745,303,188,168
746,303,188,169
738,301,187,168
739,301,188,169
730,300,187,168
730,301,187,168
731,302,186,167
726,299,186,167
727,297,186,166
727,297,186,166
724,293,187,167
724,293,186,169
719,291,184,169
719,290,182,169
719,290,183,169
713,292,188,168
711,292,188,168
711,292,188,168
706,294,190,170
705,293,191,170
701,296,190,170
700,295,191,170
701,297,190,170
695,297,190,169
696,298,190,169
697,298,190,169
696,298,185,171
697,297,185,171
695,297,182,171
693,296,184,171
693,296,182,171
687,293,186,179
688,291,184,181
688,291,184,181
685,292,187,184
685,292,187,184
681,290,187,184
680,290,187,184
681,289,187,184
678,288,187,184
677,287,187,184
676,287,187,184
674,286,188,185
673,286,186,183
669,285,187,184
668,284,185,182
667,284,186,183
666,281,185,182
665,281,184,181
666,280,185,182
662,281,184,181
662,281,184,181
660,278,187,190
660,278,187,190
661,279,185,188
659,278,188,191
658,278,189,192
658,278,189,192
656,277,189,192
655,276,190,193
654,275,189,192
652,276,188,191
651,276,188,191
649,278,186,189
648,278,187,190
647,277,188,191
646,279,183,186
646,278,183,186
646,278,184,186
643,277,183,185
644,269,184,193
641,271,184,193
641,271,184,193
640,271,184,193
638,273,185,194
637,273,184,193
638,274,185,194
632,273,183,192
633,275,183,192
629,272,182,191
628,271,182,191
629,272,182,191
624,271,180,189
625,272,180,189
624,271,180,189
618,272,179,188
619,273,179,188
616,275,179,187
615,275,178,187
615,274,178,187
609,273,180,189
609,273,180,188
609,273,180,189
605,272,179,188
607,274,179,187
603,278,177,185
612,274,169,197
612,274,169,197
611,277,170,198
611,278,170,198
610,278,170,199
609,279,170,199
609,279,170,198
607,280,170,199
607,280,171,199
607,280,170,199
605,280,170,198
605,281,170,198
605,281,170,198
604,279,168,195
602,277,168,196
599,277,167,195
600,279,167,194
599,278,167,194
595,281,166,194
595,281,166,194
596,283,166,193
593,288,165,192
594,289,164,191
587,291,165,193
588,291,164,191
589,294,163,190
584,290,163,190
584,290,163,190
586,292,162,189
584,286,160,187
581,284,161,188
579,282,161,188
580,283,160,187
581,283,160,187
579,285,159,186
579,285,159,186
579,284,159,186
576,286,159,186
577,286,159,186
574,289,159,185
573,287,158,185
573,287,158,185
573,291,157,183
573,291,156,183
573,291,156,182
571,287,156,182
569,286,157,183
569,284,156,182
567,282,156,182
567,282,156,182
568,284,155,181
567,284,154,180
566,282,156,182
564,284,155,182
565,286,155,181
563,288,154,180
564,291,153,178
564,290,153,179
563,294,153,179
562,293,153,179
566,290,147,185
565,291,147,185
564,290,146,183
564,287,146,183
564,287,146,183
564,287,146,183
563,284,145,183
561,282,145,183
561,281,145,183
560,281,144,182
561,283,144,181
558,285,143,180
557,285,143,180
559,286,143,180
557,289,142,179
556,288,142,179
556,288,143,179
555,289,142,179
556,291,142,178
556,292,141,177
556,293,140,177
556,293,140,177
555,292,140,177
556,292,140,176
556,292,139,175
556,291,139,175
554,289,139,175
554,289,139,175
555,291,138,174
556,291,138,174
555,291,138,173
555,291,138,173
555,291,138,173
556,293,137,172
556,292,137,172
556,297,138,172
557,298,137,172
557,298,137,172
558,303,136,171
559,304,136,170
558,303,136,170
557,303,136,171
558,304,135,170
561,301,135,169
561,301,134,168
560,300,134,168
560,296,134,169
562,297,133,167
562,297,133,167
562,296,133,167
563,296,133,166
563,296,132,166
563,295,132,166
563,295,132,166
564,294,132,165
565,294,132,165
565,293,131,165
566,292,132,165
566,291,131,165
567,290,132,165
568,290,132,165
568,290,131,165
568,290,131,164
569,291,131,164
568,291,131,164
569,290,131,164
569,291,131,164
569,290,131,164
569,293,130,164
569,293,130,164
569,294,130,164
569,294,130,164
569,294,130,164
569,294,130,164
570,295,129,163
569,294,130,164
570,295,130,164
570,295,130,164
570,297,129,163
570,297,129,162
569,297,129,163
569,297,129,163
569,297,129,163
568,297,129,162
566,295,130,164
567,296,129,163
565,295,130,164
566,295,130,164
566,296,130,164
566,296,129,163
565,296,129,163
564,296,129,163
564,295,129,163
563,295,129,163
562,293,129,163
562,292,130,164
563,294,129,163
562,295,129,162
561,294,128,162
560,295,128,162
561,295,128,162
561,295,128,162
560,296,128,161
560,296,128,161
560,296,128,161
559,295,128,162
560,296,128,161
559,295,128,161
560,296,128,161
559,295,128,161
560,295,127,160
560,295,127,160
559,294,127,161
561,296,127,160
561,296,127,160
560,297,127,160
561,297,127,160
561,297,127,160
561,297,127,160
562,298,126,160
563,298,126,159
564,297,126,159
563,296,126,159
563,295,126,160
564,295,127,160
563,294,127,160
564,293,126,160
565,294,126,159
565,293,126,159
565,292,127,160
565,291,127,160
566,292,126,159
567,293,126,159
566,292,127,160
567,292,126,159
567,292,126,159
566,291,127,161
567,293,126,159
568,293,125,158
567,292,125,157
567,292,125,158
567,292,125,157
567,290,125,158
566,289,125,158
566,288,125,158
566,288,125,158
566,288,125,158
565,288,125,158
566,289,124,157
565,289,125,157
568,295,124,156
568,295,124,156
568,295,124,156
569,295,124,156
568,295,124,155
568,295,124,155
569,293,123,155
570,293,124,156
569,290,123,155
571,290,123,155
570,289,124,156
570,288,123,155
571,288,123,155
571,288,123,155
571,288,123,155
571,288,123,155
572,291,124,155
571,291,123,154
571,291,123,155
572,295,122,154
572,296,122,154
572,296,122,154
573,295,122,154
573,296,122,154
573,296,122,154
574,296,122,154
573,295,122,154
573,296,123,155
573,295,123,155
573,295,123,155
574,295,122,154
575,296,122,154
574,295,122,154
573,293,124,156
574,294,123,155
576,296,123,155
575,295,123,154
575,295,123,154
577,295,122,153
576,294,123,154
576,290,123,155
577,290,123,155
577,289,123,155
578,289,123,155
578,289,123,155
577,288,123,155
578,287,124,156
579,288,124,156
579,288,124,156
580,288,124,156
579,287,124,157
579,287,125,157
580,287,125,157
579,287,125,158
579,288,127,159
580,288,128,160
581,291,126,159
581,291,127,159
581,291,127,159
582,289,127,160
581,287,127,160
581,287,127,160
582,283,127,160
582,283,127,160
583,281,127,160
583,280,127,160
583,280,127,160
583,279,127,160
584,280,127,160
583,279,127,160
585,278,127,159
585,278,127,160
585,277,127,161
585,278,128,161
585,277,127,160
585,278,127,160
585,279,127,159
585,279,127,159
583,279,127,160
583,279,128,161
579,276,127,160
580,276,128,161
579,276,127,160
576,274,128,162
575,273,128,161
575,273,129,162
571,274,128,162
571,275,128,162
566,275,129,162
566,275,128,161
565,275,128,161
560,275,128,161
560,275,128,161
560,275,128,161
555,275,128,161
556,276,128,161
552,276,129,163
551,276,129,163
551,276,129,162
549,277,129,163
547,276,130,164
547,276,130,164
547,276,130,164
547,276,130,164
547,277,129,163
546,275,130,164
546,275,131,165
547,276,130,164
546,275,131,165
546,275,131,164
547,275,131,165
546,274,131,165
548,270,131,165
549,270,132,166
550,265,126,166
550,265,127,168
550,265,128,168
549,265,126,167
550,269,126,166
552,270,126,167
552,269,128,168
552,269,129,170
552,270,129,170
553,269,130,171
553,268,130,171
554,268,130,171
555,268,130,171
555,267,130,172
557,267,131,172
556,266,132,174
557,267,131,173
558,266,131,172
558,266,131,173
559,267,131,172
561,264,132,174
562,265,132,174
565,264,133,175
565,263,134,176
564,264,133,175
568,265,133,175
568,265,135,178
568,266,135,177
572,265,135,178
572,265,134,177
578,265,135,178
577,265,135,178
575,263,136,179
581,265,136,180
581,265,138,181
581,266,138,182
584,266,137,180
584,266,137,180
588,259,139,183
588,259,139,184
589,261,137,181
594,259,138,182
593,258,139,183
593,258,139,184
598,260,139,183
599,261,140,185
601,261,143,188
602,262,143,188
602,262,143,188
606,262,142,188
606,262,142,188
606,263,143,188
610,261,143,189
610,261,144,190
612,260,144,190
612,260,144,190
612,260,144,190
617,261,144,190
618,262,145,191
617,262,145,191
621,261,145,192
621,261,144,190
625,262,145,191
627,263,145,191
627,263,146,192
631,265,146,192
631,265,144,190
631,266,144,189
637,270,145,191
636,270,147,193
640,271,146,192
641,273,146,193
641,273,146,193
644,272,147,194
643,275,148,185
643,275,148,185
646,273,148,185
645,270,148,185
646,264,148,186
648,266,149,186
648,266,149,186
651,264,149,186
651,264,149,186
651,264,149,186
653,266,149,186
653,266,149,186
653,267,150,187
653,266,150,187
655,268,149,186
656,264,151,189
657,265,151,189
657,266,151,189
660,267,151,189
659,265,151,188
659,270,151,189
660,271,152,190
659,269,153,191
658,272,149,192
658,272,149,192
658,272,149,192
657,269,148,191
656,267,149,191
656,259,150,193
656,259,150,194
658,260,151,194
659,257,152,196
660,257,153,198
658,255,155,199
659,254,166,200
660,254,166,201
663,254,163,202
660,254,168,200
661,254,166,200
662,250,174,206
662,249,173,207
662,249,173,207
662,250,178,213
663,252,177,212
667,253,180,215
667,253,180,215
668,254,180,215
675,249,181,216
677,250,180,215
678,250,181,216
687,246,183,219
687,249,185,216
694,249,187,219
692,248,188,220
692,247,188,220
704,248,189,220
703,247,189,221
705,248,189,221
712,245,193,225
712,254,195,216
722,253,195,216
721,247,196,222
723,245,197,226
738,251,199,222
733,249,204,224
736,247,201,226
749,254,198,225
749,251,200,228
751,252,198,227
760,257,198,227
760,257,198,227
769,259,199,228
767,257,199,228
767,257,199,228
774,259,198,227
775,259,197,226
775,260,197,226
778,262,197,225
778,262,197,225
775,261,196,224
774,261,196,224
774,260,196,224
770,257,197,225
770,257,196,224
768,255,197,225
765,253,191,225
764,259,190,218
755,254,195,219
755,254,195,219
755,254,195,219
748,252,194,218
745,250,194,217
744,250,193,217
742,248,193,216
740,248,192,216
736,245,192,215
736,246,191,214
736,245,191,214
731,248,189,212
731,249,189,211
731,249,187,209
730,252,186,209
730,252,187,209
729,253,185,207
727,251,186,209
727,252,186,208
725,251,185,207
725,252,181,206
725,252,181,206
723,250,179,204
722,249,177,201
724,248,175,199
725,248,177,201
724,247,178,203
722,244,178,202
722,243,178,202
722,243,178,202
722,250,176,194
722,250,176,194
720,252,174,192
719,251,173,191
720,253,174,192
719,253,173,191
719,254,175,192
718,254,175,193
718,255,172,190
720,257,171,188
721,259,169,186
720,259,169,187
720,259,169,187
717,261,167,185
717,261,165,183
716,261,165,183
718,264,165,183
718,265,165,182
718,268,163,181
718,269,163,180
717,268,163,180
717,271,161,178
718,273,160,177
717,272,161,178
717,276,159,176
717,277,159,175
718,279,156,173
718,279,156,172
718,279,156,172
719,278,155,172
721,278,155,171
720,277,155,172
722,272,152,169
724,274,151,168
726,272,149,165
725,271,148,164
726,271,148,164
727,268,147,163
729,269,147,163
728,269,147,162
730,269,146,161
730,269,146,161
731,270,144,159
731,271,143,158
731,272,142,158
730,274,140,156
731,275,139,155
732,276,138,153
732,277,137,153
735,280,133,148
735,282,131,146
736,282,131,145
736,282,131,145
736,279,130,144
736,279,129,143
736,280,129,143
734,278,128,142
734,278,127,141
730,279,126,140
730,280,125,140
729,280,119,139
720,280,118,138
720,281,118,138
719,280,118,138
707,281,116,136
708,281,116,135
696,282,114,133
695,283,114,133
696,283,113,133
683,281,113,136
683,281,113,136
683,281,113,136
668,283,112,135
669,284,112,134
653,286,111,134
653,286,111,134
653,286,111,134
637,290,111,133
638,290,110,133
637,290,110,132
622,291,110,132
623,293,109,132
608,294,109,131
609,294,109,132
608,293,109,131
595,298,108,130
594,298,108,130
594,298,108,130
580,301,108,130
580,302,107,129
570,306,107,129
566,308,110,127
566,308,110,127
554,311,110,127
553,310,110,127
553,310,110,127
542,311,110,127
542,311,110,127
522,307,116,127
522,307,116,127
522,307,116,127
510,304,116,127
510,304,116,127
510,303,117,128
496,304,116,127
496,303,116,127
481,303,117,128
482,303,117,128
482,304,116,127
469,304,116,127
468,304,115,127
469,305,114,126
457,303,115,128
457,302,116,128
445,301,117,129
445,299,116,129
445,300,116,124
435,300,117,125
435,300,118,126
435,299,119,127
425,300,117,125
425,301,116,125
414,301,116,124
414,301,116,124
414,301,116,123
404,300,115,123
403,300,115,123
403,299,115,123
395,300,114,122
394,299,115,123
378,298,118,124
378,298,118,124
378,298,118,124
368,297,120,126
368,296,120,126
368,296,120,126
357,295,119,125
357,295,120,126
346,292,119,125
346,292,118,124
346,292,119,125
335,291,118,124
335,290,118,124
334,289,118,124
322,290,117,123
323,291,116,122
311,297,117,118
312,298,116,117
311,297,117,118
299,299,116,117
300,299,116,116
299,299,116,117
288,302,117,118
288,301,117,118
279,302,115,116
279,303,115,116
280,303,115,116
276,303,114,115
276,302,114,115
274,303,114,115
270,302,114,115
270,303,114,115
268,306,113,114
268,306,113,114
268,306,113,114
268,308,112,113
273,308,105,112
273,308,104,111
274,310,105,111
274,310,105,112
275,312,103,110
274,311,103,110
274,311,103,110
276,316,103,109
277,316,102,109
277,316,102,108
285,318,96,107
280,318,100,107
289,319,93,107
289,319,93,107
289,319,93,107
293,318,92,106
294,319,92,106
294,319,92,106
297,318,93,107
297,319,93,106
300,318,92,106
301,318,92,106
302,319,92,105
304,318,92,106
304,317,93,106
305,318,93,107
309,317,92,106
310,317,92,106
314,312,92,106
315,312,91,105
315,313,92,106
320,305,92,106
323,303,91,108
323,303,91,108
332,301,92,109
332,301,92,109
332,300,93,111
343,304,94,112
343,303,94,112
354,308,95,113
354,308,95,113
354,307,95,113
365,308,101,113
365,308,103,113
365,308,103,113
380,301,104,111
380,301,104,111
397,296,104,111
397,296,104,111
397,297,105,112
416,295,108,116
416,295,109,116
415,294,114,116
437,300,114,115
437,301,116,113
459,304,116,113
459,304,116,113
458,303,117,114
482,301,116,113
482,302,115,112
482,302,115,112
509,296,122,113
508,296,118,112
535,289,127,114
535,289,127,114
535,289,127,114
561,289,127,114
560,289,127,114
560,288,127,114
589,289,129,116
590,290,130,117
620,294,130,117
620,294,131,117
619,293,131,118
650,297,131,117
650,297,131,117
650,297,131,117
677,298,131,118
676,299,134,113
702,299,135,114
700,299,135,114
699,298,136,115
728,298,138,116
726,296,139,118
727,298,138,116
755,299,140,118
756,300,139,117
781,302,140,118
779,301,140,118
779,301,141,119
805,301,142,119
806,301,141,119
807,302,141,119
830,303,141,119
828,302,143,120
847,302,143,121
848,303,143,121
848,302,143,121
863,302,143,121
863,303,143,121
864,304,143,121
878,305,144,121
877,304,144,122
892,308,144,122
892,308,144,122
892,308,144,122
905,313,144,122
905,313,144,122
906,314,143,121
918,314,145,122
917,314,145,122
929,312,144,121
929,312,143,121
930,313,143,121
941,311,144,121
940,310,138,121
939,310,140,121
949,310,141,121
950,310,143,120
960,312,137,120
959,312,136,120
960,313,138,120
966,315,136,120
968,316,135,120
966,316,136,120
976,316,133,120
976,317,131,120
978,318,131,120
979,319,131,120
979,319,130,120
980,319,126,121
981,320,128,121
981,320,128,121
979,324,127,120
978,325,127,120
976,327,126,119
976,328,126,119
976,328,124,119
970,327,121,119
970,327,122,119
969,320,122,123
960,319,123,124
961,319,123,124
954,321,122,123
955,321,122,123
954,321,122,123
947,323,115,122
947,323,115,122
947,323,115,122
935,322,115,122
935,322,115,122
927,322,114,121
927,322,114,121
928,323,114,121
918,323,114,121
918,322,114,121
918,322,114,121
905,321,114,121
904,321,114,121
891,322,114,121
892,323,114,122
891,322,115,122
879,324,115,122
878,323,115,122
878,324,114,122
865,323,110,122
865,324,111,124
848,317,112,125
847,316,112,125
848,317,110,123
834,315,112,125
833,314,112,125
833,315,112,125
818,322,113,126
817,320,114,127
801,325,115,128
