76,62,156,122
66,61,164,128
65,62,166,130
65,62,166,130
56,59,171,134
54,57,174,136
53,56,175,137
53,56,175,137
33,52,189,143
32,51,192,145
32,51,192,145
13,49,202,152
11,48,204,154
11,48,204,154
12,49,204,154
1,49,204,153
1,46,203,156
1,46,205,156
1,46,206,156
1,46,194,156
1,42,199,164
1,39,200,168
1,37,195,173
1,37,197,173
0,38,195,173
1,37,198,174
1,37,200,178
1,36,201,178
1,37,200,178
0,37,207,185
0,35,210,187
0,34,210,187
1,32,207,190
1,35,210,193
1,35,210,193
1,35,210,193
1,35,210,193
0,34,217,199
1,31,216,203
0,33,219,202
1,32,217,200
1,32,219,200
1,32,218,200
1,33,218,200
2,34,221,203
0,30,226,208
0,28,229,210
0,31,229,210
0,29,228,210
0,29,229,210
0,29,229,210
0,29,231,212
2,33,229,210
1,35,232,207
1,35,232,207
2,34,235,207
1,32,238,209
1,30,238,212
1,33,245,211
1,33,247,210
1,34,245,211
1,34,244,211
1,34,256,216
1,35,257,217
1,38,256,214
1,42,263,215
1,45,267,215
1,46,267,212
1,44,263,215
1,51,272,212
1,51,270,212
1,51,271,212
1,54,272,209
0,58,281,210
1,56,280,211
1,58,280,211
9,63,278,210
8,65,280,210
8,65,280,210
8,65,280,210
14,67,280,210
15,67,281,210
13,65,280,210
19,67,280,210
20,66,280,210
21,66,281,210
17,64,283,213
19,64,281,211
18,63,282,212
20,65,282,212
20,65,282,212
16,65,285,214
13,61,289,217
15,64,287,215
12,63,292,219
11,62,292,219
10,62,292,219
11,62,292,219
8,59,298,223
11,61,294,224
11,61,291,224
13,64,297,226
13,64,297,226
12,62,299,228
13,63,298,227
12,65,303,231
12,65,305,232
12,65,305,232
12,65,305,232
9,60,311,237
9,59,313,238
9,59,313,238
4,58,317,243
4,60,318,242
4,60,318,242
4,60,318,242
1,60,321,244
1,58,319,245
1,60,319,246
1,56,316,252
1,55,320,253
1,53,315,252
1,56,316,252
1,52,313,256
1,49,314,260
1,49,314,259
1,47,314,260
1,47,306,261
1,44,308,263
1,45,311,263
1,40,304,278
1,41,303,272
1,39,310,273
1,40,306,273
1,37,310,275
1,35,309,277
1,34,306,277
1,29,311,280
1,26,310,284
1,26,308,283
1,26,311,291
1,22,320,294
1,22,325,294
1,22,326,294
0,21,320,294
0,20,327,299
0,19,329,301
0,18,327,301
0,18,331,305
0,19,335,306
0,18,333,307
0,18,334,307
0,19,344,313
0,21,343,312
0,19,342,313
0,24,347,315
0,21,347,315
0,24,347,316
0,22,350,317
0,22,350,318
0,22,351,320
0,22,348,317
0,21,349,318
0,26,351,320
0,24,349,318
0,26,352,316
0,24,351,313
0,26,352,311
0,26,348,312
0,23,347,311
0,25,352,302
0,23,351,312
0,30,349,300
0,27,352,298
0,26,348,298
0,26,348,298
0,26,348,298
0,28,343,294
0,26,345,295
0,24,341,294
0,24,341,294
0,32,341,292
0,29,339,292
0,29,340,293
0,35,336,290
0,41,334,285
0,41,336,284
0,36,337,289
0,52,334,277
0,51,335,279
0,54,336,277
0,56,331,272
0,58,332,270
0,56,329,270
0,57,329,269
0,56,331,266
0,54,327,264
1,54,325,263
0,56,329,264
4,49,322,262
6,50,319,255
6,50,319,255
9,53,312,249
15,58,302,242
13,56,307,246
14,57,307,245
9,50,316,253
13,52,304,243
10,49,315,252
12,51,311,248
12,50,310,248
13,50,309,236
20,50,302,236
23,53,297,232
24,53,294,230
25,54,295,231
25,55,295,230
31,58,285,222
33,59,282,221
32,57,283,221
37,59,277,217
37,58,277,216
39,61,273,213
38,59,275,215
44,64,267,208
41,61,271,212
41,61,271,212
48,62,259,203
51,63,258,201
51,62,257,201
51,63,257,201
58,65,249,195
60,65,248,194
58,63,248,194
59,64,250,196
66,67,242,189
68,69,240,187
69,69,239,187
74,68,234,183
77,69,233,182
77,70,234,183
77,70,234,183
85,74,227,178
84,73,229,179
84,73,229,179
91,74,224,175
92,75,223,174
92,75,222,174
92,79,222,170
100,81,216,165
100,81,216,165
101,81,216,165
101,81,215,165
104,82,214,164
108,85,209,160
108,85,209,160
112,85,205,157
118,85,197,160
118,85,197,160
118,85,197,160
123,87,193,157
121,85,194,158
122,85,195,158
125,85,191,155
129,88,186,151
126,85,190,155
129,88,187,152
130,84,185,151
130,84,185,150
130,84,185,150
131,85,185,150
133,87,181,147
140,91,169,142
140,91,169,142
142,91,166,140
145,92,163,137
145,92,163,137
146,92,163,137
148,93,161,135
146,92,161,136
146,92,162,136
149,92,160,135
150,93,160,134
150,93,160,134
149,93,160,134
152,94,157,132
152,94,156,131
153,94,156,131
153,94,156,131
154,94,154,129
155,95,153,129
154,94,154,129
154,96,153,129
155,97,152,128
155,98,151,127
155,98,152,127
155,98,151,127
156,98,151,127
156,98,151,127
155,99,151,127
155,99,151,127
155,98,151,127
155,98,151,127
154,99,150,126
154,100,149,126
154,99,150,126
154,100,149,125
153,101,148,124
153,101,148,124
153,102,148,124
154,104,146,123
152,103,147,123
153,105,146,122
153,105,146,123
152,104,145,122
153,104,146,122
153,105,145,122
152,100,145,122
153,101,144,121
152,100,145,122
153,101,145,122
152,99,145,122
153,99,146,122
152,99,145,122
153,99,146,122
152,98,146,123
151,98,146,123
151,97,146,123
149,98,146,123
149,99,146,123
150,99,147,123
150,100,146,123
149,101,147,123
149,101,147,123
149,102,147,123
149,102,147,123
149,102,147,123
149,101,147,123
149,102,147,123
149,92,147,124
148,92,148,124
149,92,148,124
149,93,148,124
150,92,148,124
150,91,148,125
150,91,148,124
149,90,149,125
149,90,150,126
149,90,150,126
149,90,150,126
149,91,150,126
149,91,150,126
149,91,150,126
150,89,151,127
150,89,152,127
150,89,151,127
150,89,152,127
152,86,152,128
153,86,152,128
153,86,152,128
153,86,152,128
154,83,152,128
154,83,153,128
155,84,153,128
155,84,153,129
155,84,153,128
155,85,153,128
155,84,153,128
158,83,153,129
157,82,154,129
158,83,154,129
161,83,153,129
160,81,154,129
160,81,154,129
160,81,154,129
163,82,154,129
163,82,154,129
162,81,155,130
163,82,155,130
166,84,155,130
166,83,155,130
166,83,155,130
169,83,155,130
171,84,154,129
171,85,153,128
172,85,153,128
176,84,153,128
177,84,153,128
177,83,153,128
180,85,153,129
180,85,153,128
181,85,153,128
181,86,153,128
183,90,153,128
183,90,152,128
183,90,152,128
183,90,152,128
185,90,151,126
185,90,150,126
185,90,150,126
186,91,150,126
186,91,151,126
188,92,150,126
188,92,150,125
188,94,150,126
189,96,148,124
189,95,149,125
191,94,149,125
191,94,149,125
192,94,149,125
191,94,149,125
192,93,148,124
193,94,147,123
192,93,147,123
191,92,148,124
192,97,147,123
194,98,146,122
194,98,146,122
196,97,145,121
196,97,145,121
195,97,145,122
195,96,145,122
197,96,145,121
198,97,144,120
198,97,144,120
201,95,142,119
201,96,142,119
202,96,142,119
202,96,142,119
206,95,141,118
206,94,141,118
206,94,141,118
206,94,141,118
210,96,140,117
210,96,140,118
209,95,141,118
216,98,139,116
215,98,139,117
215,98,139,117
216,99,139,116
221,100,136,114
221,100,136,114
220,99,136,114
223,97,135,113
224,97,135,113
223,97,135,113
222,96,136,114
225,96,134,112
224,95,134,112
224,95,134,112
224,95,134,112
226,94,133,111
226,94,132,111
226,95,132,111
227,99,131,110
227,99,131,110
227,99,131,110
227,99,131,110
228,102,130,109
228,103,129,108
228,103,129,108
229,103,128,108
231,105,127,106
230,105,126,106
231,106,126,106
233,106,124,104
233,106,124,104
234,106,124,104
233,106,124,104
236,107,122,102
236,108,122,102
236,108,122,102
237,109,121,101
237,109,121,101
238,109,121,101
238,110,121,101
240,111,119,99
239,110,119,99
239,110,119,99
239,108,118,99
241,108,118,98
240,108,117,98
241,108,117,98
240,107,116,97
241,108,115,96
242,108,114,96
242,108,115,96
242,107,113,94
242,107,113,94
242,107,113,94
242,108,110,92
242,109,110,92
242,109,110,92
242,109,110,92
243,113,108,90
243,113,108,90
242,113,108,90
243,113,107,89
243,113,106,89
242,113,107,89
243,113,106,89
242,113,106,89
244,114,105,87
243,114,105,87
243,113,105,88
244,116,103,86
244,116,103,86
244,116,103,86
244,116,102,85
244,116,101,84
244,116,101,84
243,116,101,84
244,115,100,83
243,115,99,83
244,115,99,83
243,115,97,81
244,115,97,81
243,115,97,81
243,115,97,81
242,116,97,81
242,116,97,81
242,117,96,80
242,116,96,80
242,117,95,79
242,118,95,79
241,117,95,79
241,115,94,79
242,115,94,78
242,115,93,78
242,115,93,78
242,115,92,77
241,115,93,77
242,115,92,77
241,114,91,76
241,114,91,76
241,114,91,76
241,114,91,76
241,114,90,75
241,114,90,75
241,114,90,75
241,114,90,75
241,115,89,74
241,116,88,74
241,115,88,74
241,119,87,73
241,119,87,73
241,119,87,72
241,119,87,72
242,117,86,72
242,117,85,71
242,117,85,71
244,119,85,71
244,119,85,71
244,119,85,71
244,119,85,71
245,120,84,70
246,120,84,70
246,120,83,70
246,120,83,69
248,121,83,69
247,121,83,69
248,121,82,69
248,123,82,68
249,123,82,68
248,123,82,68
248,123,82,68
249,131,81,67
249,130,81,67
249,130,81,67
250,122,80,67
251,123,79,66
251,123,79,66
251,123,80,65
251,124,80,65
252,124,80,65
251,124,80,65
252,124,80,65
253,122,79,64
253,123,78,64
253,123,78,64
254,124,77,63
254,124,77,63
254,125,77,62
254,124,77,62
254,124,77,63
254,125,77,63
254,124,77,63
255,125,77,62
254,124,77,62
254,125,76,62
254,125,76,62
255,116,76,62
256,117,76,62
256,117,76,62
256,117,76,62
256,116,76,62
256,116,76,62
256,116,76,62
256,117,76,62
256,117,76,62
256,117,76,61
256,118,76,61
256,118,76,62
256,118,75,61
256,118,76,61
256,124,75,61
256,124,75,61
255,123,75,61
255,123,75,61
254,130,75,61
254,129,75,61
254,129,75,61
254,130,75,61
253,131,75,61
253,131,75,61
253,131,75,61
253,121,74,61
253,121,74,60
253,119,71,61
253,120,71,61
251,120,71,61
252,121,70,60
252,121,70,60
249,126,70,60
249,126,70,60
249,126,70,60
249,126,70,60
248,127,70,60
247,126,70,60
247,126,70,60
247,126,70,60
246,128,71,61
246,128,71,61
246,129,71,61
244,131,71,61
244,131,71,61
244,131,71,61
244,131,71,61
241,133,71,61
241,133,71,61
241,133,71,62
240,127,71,62
241,127,71,62
240,127,71,62
241,127,71,62
242,122,71,62
242,122,71,62
242,122,71,62
242,122,71,62
242,126,71,62
242,126,71,61
242,126,71,62
243,125,72,62
242,124,72,62
243,125,72,62
243,124,72,62
245,117,72,63
245,116,72,63
245,117,72,63
245,121,73,63
245,121,73,63
245,121,73,63
245,121,73,64
245,115,74,64
245,114,74,64
245,115,74,64
245,114,74,64
248,108,74,65
248,108,75,65
248,108,75,65
248,121,76,66
248,121,75,65
248,121,75,65
248,121,75,65
250,115,75,65
250,116,75,65
250,115,76,65
250,112,76,66
250,112,76,66
250,112,76,66
250,112,76,66
249,114,77,67
250,115,77,66
250,115,77,66
249,114,77,67
248,106,78,67
248,107,78,68
248,106,78,68
246,113,78,68
247,113,78,68
246,113,78,68
247,114,78,68
246,111,79,69
246,110,79,69
246,111,79,68
246,110,80,69
246,110,80,69
246,110,80,69
246,110,80,69
246,105,80,69
246,105,80,70
246,105,80,69
246,105,80,70
246,111,80,70
246,110,81,70
246,111,81,70
246,116,81,71
246,116,81,70
246,116,81,70
246,116,81,70
246,114,81,70
245,114,81,71
245,114,82,71
245,106,82,71
245,106,82,71
245,106,82,71
246,106,82,71
244,112,82,71
243,112,83,72
243,111,83,72
243,112,83,72
241,116,83,72
241,116,83,72
241,117,83,72
240,112,84,72
239,112,84,72
239,112,84,73
239,112,84,73
238,113,84,73
238,114,84,73
238,114,84,73
237,113,84,73
236,113,84,73
236,113,84,73
236,113,84,73
236,108,85,73
235,107,85,74
234,107,85,74
235,107,85,74
232,113,86,74
233,114,86,74
232,113,86,74
232,112,86,74
231,112,86,75
231,111,86,75
231,111,86,75
231,111,86,75
232,112,86,75
231,111,87,75
231,113,87,75
231,113,87,75
231,113,87,75
231,113,87,76
231,112,87,76
230,112,87,76
231,113,87,75
231,113,87,76
231,113,87,76
231,113,87,76
231,113,87,76
230,117,88,76
230,117,88,76
230,117,88,76
230,117,88,76
231,110,88,76
230,110,88,76
230,110,88,77
231,104,88,77
231,104,88,77
231,104,88,77
231,104,88,77
231,108,89,77
231,107,89,77
231,107,89,77
231,107,89,77
230,107,90,78
230,107,91,78
230,107,90,78
231,106,90,78
231,106,90,78
231,106,90,78
231,106,90,78
233,103,90,78
233,102,91,78
233,103,91,78
234,102,91,79
235,102,91,78
235,102,91,78
235,102,91,79
238,103,91,79
238,103,91,79
238,104,91,79
239,104,91,78
241,103,91,79
241,102,91,79
241,102,91,79
243,105,92,79
243,104,92,79
243,105,91,79
243,105,92,79
243,106,92,79
243,105,92,80
243,105,92,80
243,106,92,80
243,106,93,80
243,106,92,80
243,106,93,80
242,109,93,80
241,109,93,80
241,109,93,81
241,109,93,81
238,109,93,81
239,109,93,81
238,109,93,81
236,105,94,81
236,105,93,81
236,104,94,81
236,105,94,81
234,104,94,81
234,103,94,81
234,103,94,81
233,96,95,82
233,97,95,82
233,97,95,82
233,97,95,82
232,103,95,82
231,103,95,82
231,103,95,82
231,103,95,83
230,105,96,83
230,105,96,83
231,106,96,83
231,106,96,83
231,106,96,83
231,106,96,83
231,106,96,83
230,107,96,83
229,107,96,83
229,107,96,83
227,110,96,83
226,110,96,83
226,110,96,83
227,110,96,83
224,109,97,83
224,109,97,84
224,109,97,84
224,109,96,83
220,105,98,85
220,105,98,85
220,105,98,85
220,104,98,85
219,103,99,86
219,103,99,86
219,103,99,86
218,103,100,86
218,103,100,86
218,103,100,86
219,106,100,87
219,106,100,87
219,106,100,87
219,106,100,87
221,105,101,87
221,105,101,87
221,104,101,88
221,104,101,88
223,104,102,88
224,104,102,88
223,104,102,89
225,106,102,89
225,106,102,89
225,106,102,89
225,106,102,89
227,105,103,89
227,105,103,89
227,105,104,89
227,105,104,90
228,105,104,90
228,105,104,90
228,105,104,90
230,108,104,90
230,108,104,90
230,108,104,90
230,108,104,90
232,107,104,90
232,107,104,90
232,107,104,90
233,108,105,91
233,108,105,91
233,108,105,91
233,108,105,91
233,109,106,92
233,109,106,92
234,109,105,91
233,102,106,91
233,101,106,91
233,101,106,91
233,101,106,91
232,103,106,92
232,103,106,92
232,103,106,91
236,103,102,91
235,103,102,91
234,104,103,92
235,104,102,91
235,103,102,91
234,103,102,91
234,103,102,91
234,102,102,91
233,102,102,91
233,103,102,91
233,103,102,91
231,102,102,91
231,102,102,91
231,102,102,91
231,102,102,91
229,102,102,91
229,102,102,91
229,102,102,91
229,103,102,91
227,105,102,91
227,105,102,91
227,105,102,91
225,103,102,91
225,103,102,91
225,103,101,90
224,103,101,91
222,102,102,91
223,102,101,90
223,103,101,90
219,102,101,91
219,102,101,91
219,103,101,91
220,103,101,91
217,101,101,91
217,101,101,91
216,101,101,91
216,100,101,91
213,101,101,91
213,101,101,91
213,101,101,91
212,102,101,91
212,102,101,91
212,102,101,91
212,103,101,91
211,103,100,90
211,103,100,90
211,103,100,90
210,103,100,90
210,103,100,90
210,103,100,90
210,103,100,90
210,102,99,90
209,102,99,90
209,101,99,90
209,101,100,90
210,101,99,89
210,102,99,89
209,102,99,89
210,101,98,88
210,101,98,88
210,101,98,88
210,101,98,88
212,100,97,87
212,100,98,88
212,100,98,88
214,102,97,87
214,101,97,87
214,101,97,88
214,102,97,88
216,102,96,87
217,102,96,86
216,101,96,86
216,101,96,87
217,105,96,87
218,105,96,86
218,105,96,86
218,103,95,86
219,104,94,85
218,103,95,86
218,103,95,86
218,106,95,86
218,106,95,86
219,107,94,85
220,107,93,84
220,107,93,84
220,107,93,84
220,107,93,84
221,106,92,83
220,106,92,83
220,106,92,83
220,106,92,83
221,107,92,82
221,108,91,82
221,107,91,82
222,107,90,81
222,107,90,81
221,106,91,82
221,107,90,81
222,106,90,81
223,106,89,80
223,106,90,81
225,105,89,80
225,105,89,80
225,105,89,80
224,105,89,80
227,104,88,79
227,104,88,79
227,103,87,79
227,104,88,79
227,105,87,78
227,105,87,78
228,106,87,78
228,107,86,77
228,106,87,78
228,106,87,78
228,107,86,77
228,109,85,77
228,109,85,76
228,109,85,76
227,108,85,76
227,109,85,76
227,108,85,76
228,109,85,76
226,108,84,76
226,109,84,76
226,109,84,75
226,109,83,75
224,110,83,74
224,110,83,75
224,110,83,74
223,110,82,73
222,110,81,73
223,110,81,73
222,110,82,73
221,109,81,73
220,109,81,73
220,109,81,73
219,108,81,73
220,109,80,72
220,108,80,72
220,108,80,72
220,108,80,72
221,108,79,71
221,108,79,71
220,108,80,71
221,108,80,71
221,109,79,71
222,109,79,71
223,109,79,71
223,109,78,70
223,109,79,71
223,109,79,71
225,109,78,70
225,109,78,70
225,110,78,70
227,107,78,70
227,107,77,70
227,107,77,70
227,107,77,70
228,109,77,70
228,109,77,70
229,109,76,69
228,109,76,69
230,108,76,69
230,108,76,69
230,108,76,69
230,108,76,69
231,108,75,68
231,108,76,69
231,108,76,69
231,110,76,69
231,110,76,69
230,110,77,70
232,112,75,68
232,113,75,68
232,112,75,68
232,112,75,68
233,114,76,69
232,114,76,69
233,114,76,69
234,115,75,68
235,114,75,68
235,114,75,68
235,114,74,67
236,113,74,67
237,115,74,66
237,115,74,66
237,115,74,66
239,114,74,66
239,114,74,66
238,113,75,67
240,114,75,66
240,114,74,66
239,113,75,67
240,114,75,66
240,114,75,67
240,115,75,67
241,115,75,67
241,115,74,66
241,117,74,66
241,118,73,65
241,117,73,65
242,118,74,66
243,118,74,66
243,118,74,66
243,118,74,66
244,119,74,66
244,119,74,66
243,119,73,65
243,117,73,66
244,117,73,65
244,117,74,66
244,117,74,66
244,117,73,65
244,117,73,65
243,116,73,65
244,117,73,65
243,117,73,65
242,116,73,65
243,117,73,65
242,115,73,65
242,115,73,65
241,115,73,65
241,115,73,65
241,115,73,65
241,115,73,65
241,115,73,65
240,115,73,65
241,115,73,65
241,115,73,65
240,115,73,65
240,116,73,65
239,116,73,65
240,116,73,65
239,116,73,65
239,115,73,65
239,115,73,65
239,115,73,65
239,115,73,65
238,115,73,65
239,115,73,65
239,115,73,65
238,114,72,65
238,114,72,65
238,114,72,64
237,115,72,64
237,115,72,64
237,115,72,64
237,115,72,64
236,115,72,65
235,114,73,65
236,114,73,65
236,114,73,65
234,116,72,65
234,116,72,64
234,116,72,64
232,116,72,64
232,116,72,64
232,116,72,64
232,116,72,64
231,116,72,64
230,116,72,64
231,116,72,64
229,117,72,64
229,117,72,64
229,117,72,65
228,116,72,64
227,115,72,64
227,115,72,64
227,116,72,64
227,115,71,64
225,116,72,64
225,116,72,64
225,115,72,64
224,112,72,64
223,112,72,64
223,112,72,64
223,112,72,64
222,108,72,64
222,108,72,64
222,108,72,64
221,114,73,65
220,113,72,64
220,114,72,64
220,114,72,64
220,113,70,61
220,113,70,61
220,113,70,61
220,113,70,61
219,110,70,61
218,110,70,61
218,110,70,61
218,109,70,61
218,109,70,61
217,108,71,61
218,108,70,61
217,108,71,62
217,108,71,61
218,109,71,62
218,107,71,62
218,107,70,61
218,108,71,62
218,107,71,62
219,108,71,62
219,108,70,61
219,108,70,61
219,108,70,61
220,109,70,61
220,109,71,62
220,109,71,62
221,113,71,62
221,113,71,61
221,113,71,62
221,113,71,62
221,115,71,62
221,115,71,62
221,115,70,61
221,111,71,62
221,110,71,62
221,110,71,62
221,110,71,62
220,111,71,62
220,111,71,62
220,111,72,62
220,111,72,62
219,112,72,62
219,113,72,63
219,112,71,62
219,110,72,63
219,110,72,63
218,109,72,63
219,110,72,63
219,110,71,62
219,110,72,62
218,110,72,63
219,109,73,63
219,109,72,63
219,109,72,63
219,109,72,63
220,109,72,63
220,109,72,63
220,109,72,63
220,109,72,63
222,112,72,63
222,112,72,63
222,112,72,63
224,113,73,63
225,113,72,63
224,113,73,63
225,113,72,63
227,113,72,63
227,113,72,63
227,113,73,63
230,112,73,64
231,112,72,63
230,111,73,63
230,111,73,64
234,107,73,64
234,107,73,64
233,106,73,64
233,106,74,64
235,111,74,64
235,111,74,64
235,110,74,64
235,115,74,64
235,116,74,65
235,116,74,64
235,116,74,64
235,114,74,64
234,114,74,65
235,114,74,64
233,110,74,64
233,110,74,64
233,110,74,64
233,110,74,64
229,114,74,65
229,114,74,65
229,114,74,65
229,114,74,65
225,118,74,65
225,118,75,65
226,118,74,65
223,118,75,65
223,117,75,65
223,118,75,65
222,118,75,65
221,113,75,65
221,113,75,65
221,112,76,66
220,112,76,66
220,112,76,66
219,112,76,66
219,112,76,66
218,111,77,67
218,111,77,67
218,111,77,67
218,111,77,67
217,115,77,67
216,114,77,67
216,114,77,67
215,115,78,67
215,115,78,67
215,115,78,67
215,115,78,67
216,112,78,67
216,112,78,67
215,111,79,68
216,105,79,68
216,105,79,68
216,105,79,68
216,105,79,68
217,109,80,68
218,109,80,68
218,109,80,68
217,109,80,69
217,116,80,69
217,116,81,69
218,116,80,69
219,118,80,69
219,118,80,69
218,118,80,69
218,118,81,69
219,123,80,69
218,123,80,69
218,123,81,69
220,105,80,69
220,104,81,69
220,104,81,69
220,105,80,69
219,112,81,69
219,113,81,70
220,113,81,69
220,113,81,69
219,112,81,70
219,113,81,70
219,113,81,70
219,113,80,69
218,112,81,70
217,112,82,70
218,113,81,69
214,116,81,70
214,116,81,69
214,116,81,69
210,115,81,70
210,115,82,70
210,115,81,70
211,116,81,69
209,112,80,69
208,111,81,69
209,112,81,69
208,112,81,69
207,110,81,69
207,110,81,69
207,110,81,70
208,110,80,69
207,110,81,70
207,110,81,70
207,110,81,70
206,116,80,69
206,116,80,69
206,115,81,69
205,111,80,69
204,111,80,69
204,111,80,69
204,111,81,69
202,112,80,69
202,113,80,69
202,113,80,69
202,113,80,69
199,114,80,69
198,114,80,69
199,114,80,69
195,113,80,69
195,113,80,69
195,113,80,69
196,113,80,69
194,110,80,68
194,110,80,68
194,110,80,68
193,109,79,68
192,108,80,69
193,108,80,69
192,108,80,69
191,111,80,69
191,111,80,69
191,111,80,69
191,111,80,69
191,110,80,68
192,111,79,68
192,111,79,68
193,111,79,68
193,111,79,68
193,111,79,68
193,111,79,68
195,110,78,67
195,110,78,67
195,110,78,67
195,109,78,67
195,108,78,67
195,108,78,67
195,108,78,67
195,110,78,67
195,110,78,67
195,111,78,67
195,111,78,67
194,113,78,67
194,113,78,67
194,113,78,67
195,116,78,67
195,116,77,67
194,115,78,67
194,115,78,67
196,115,78,67
196,115,78,67
196,115,78,67
197,118,78,67
197,118,78,67
197,118,78,67
197,118,78,67
199,110,78,67
199,110,78,67
199,110,78,67
199,110,78,67
202,108,78,67
202,107,78,67
202,108,78,67
204,109,78,67
204,108,78,67
204,109,78,67
204,109,78,67
207,113,78,67
206,112,78,67
206,112,78,67
209,109,79,67
209,110,79,67
209,110,79,68
209,110,79,67
211,111,79,68
211,111,79,68
211,111,79,68
211,111,79,68
214,105,79,68
213,105,79,68
213,105,79,68
213,111,80,68
214,111,80,68
214,111,80,68
214,111,80,68
214,112,80,69
213,112,80,69
214,112,80,69
214,113,80,69
214,113,80,69
214,113,80,69
214,113,80,69
215,111,81,69
214,111,81,69
214,111,80,69
214,111,80,69
216,108,81,70
216,107,81,70
217,108,81,70
218,113,81,70
219,114,81,70
218,113,81,70
218,113,82,70
220,117,82,70
220,117,82,71
220,117,82,71
223,116,83,71
222,116,83,71
222,116,83,71
223,116,83,71
225,117,83,71
225,117,83,72
225,118,83,71
225,117,83,72
226,112,84,72
226,112,84,72
226,112,84,73
227,114,85,73
227,114,85,73
228,114,84,73
227,114,85,73
229,113,85,73
230,113,85,73
230,113,85,73
231,111,85,73
231,111,85,73
231,111,85,73
231,111,85,73
232,112,85,73
232,111,85,73
232,112,85,73
232,111,85,73
232,111,85,73
232,112,85,73
232,112,85,73
232,114,85,73
231,114,86,74
231,113,86,74
231,113,86,74
231,112,86,74
230,111,87,74
232,112,85,73
231,111,86,74
232,111,86,74
231,110,87,74
231,110,86,74
230,112,87,74
231,112,87,75
230,111,87,75
231,112,87,75
230,109,88,75
231,109,87,75
230,109,88,75
230,106,88,76
230,106,88,76
231,107,88,75
231,107,88,75
229,108,89,76
228,108,89,76
228,108,89,76
225,111,89,77
225,110,89,77
224,110,90,77
224,110,89,77
222,112,90,78
221,112,91,78
221,112,90,78
221,112,91,78
219,109,91,78
219,109,92,79
218,109,92,79
218,110,92,79
217,110,92,79
218,110,92,79
217,110,92,79
216,110,93,80
216,111,93,80
216,110,93,80
217,104,94,80
216,104,94,80
216,103,94,81
216,104,94,81
216,99,95,82
217,100,95,82
217,100,95,82
217,100,96,82
216,109,96,82
215,108,96,82
215,108,96,82
216,96,97,83
216,96,97,84
216,96,97,84
216,96,97,84
217,101,98,84
217,101,98,84
217,101,98,84
217,104,99,85
217,104,99,85
217,104,100,86
217,104,100,86
217,103,100,86
217,103,101,87
217,104,101,86
217,104,101,86
218,101,101,87
217,100,101,87
217,100,102,87
216,100,103,88
217,101,103,88
217,101,103,88
216,100,103,89
216,102,103,88
216,102,103,89
215,102,103,89
215,109,104,89
215,109,104,89
215,109,104,89
215,109,104,90
215,102,105,91
215,102,106,91
215,102,106,91
215,102,106,91
215,105,107,92
215,105,107,92
215,105,107,92
216,102,108,93
216,102,108,93
216,102,108,93
216,102,108,93
214,111,109,94
213,110,110,94
214,110,109,94
213,97,111,96
213,97,111,96
214,98,111,96
214,97,111,96
213,96,113,97
213,96,113,97
213,96,113,97
213,96,113,97
212,95,115,99
211,94,115,99
211,94,115,99
211,93,116,100
212,94,116,100
212,94,116,100
212,94,116,100
211,93,118,102
210,93,118,102
211,93,118,102
208,92,120,104
209,93,121,104
207,92,122,105
207,92,122,105
206,94,123,106
209,94,119,105
209,94,118,104
209,93,118,105
205,90,120,106
205,90,120,106
205,91,120,106
202,88,122,108
201,87,123,109
201,87,123,109
201,86,123,109
198,89,125,110
198,89,126,111
197,89,126,111
196,91,128,113
196,91,128,113
196,91,128,113
196,91,128,113
194,91,130,115
194,90,130,115
193,90,130,115
192,90,132,115
190,88,134,117
190,87,134,117
189,87,135,117
187,88,136,119
186,87,137,120
186,87,137,119
187,88,137,120
183,87,140,122
184,88,140,122
183,88,140,122
181,87,141,123
181,87,141,123
180,87,141,123
180,87,141,123
178,84,144,125
178,83,144,126
179,84,144,126
179,84,144,126
178,82,146,127
178,80,147,128
177,80,146,127
180,81,147,128
180,81,147,128
180,81,147,128
180,81,147,128
180,79,149,130
181,80,149,130
182,80,149,130
183,78,150,131
182,77,151,131
182,76,151,132
182,77,151,131
182,73,152,132
182,73,152,132
182,73,152,133
183,73,152,133
183,74,153,133
182,73,154,134
181,72,154,135
183,75,155,135
183,76,155,135
183,75,155,135
182,75,155,135
184,76,156,136
186,78,155,135
187,78,155,135
187,76,156,136
189,77,156,136
188,76,156,136
189,77,156,136
188,75,157,137
190,76,157,137
190,76,157,137
189,76,157,136
190,76,158,137
190,75,158,138
192,77,156,136
193,80,158,135
193,80,158,135
193,80,158,135
192,80,158,135
195,80,158,135
195,80,159,135
195,81,159,136
199,81,159,136
198,80,160,137
198,80,160,137
199,81,160,136
201,81,162,138
201,81,161,138
200,80,162,139
200,80,162,139
201,81,162,138
201,80,162,139
202,81,162,139
201,82,163,140
201,82,164,140
201,82,164,140
201,82,165,141
201,84,164,140
201,84,164,140
200,83,164,140
199,83,166,142
199,83,166,142
199,83,166,142
199,83,166,142
200,84,166,142
198,83,167,143
199,83,168,144
198,82,168,143
203,82,169,144
202,82,169,144
203,82,169,144
207,81,170,145
207,80,170,145
210,80,172,146
210,80,172,146
216,77,175,149
216,77,174,148
217,78,175,149
223,78,176,150
223,78,176,150
224,79,176,150
226,80,175,149
230,78,177,151
232,79,178,151
233,80,177,150
232,80,177,150
239,81,177,150
239,81,178,151
237,80,179,152
242,82,179,152
242,82,179,152
243,80,179,152
243,80,179,152
244,79,180,153
242,77,182,154
243,78,181,154
243,77,182,154
247,82,179,150
247,82,179,150
247,82,179,150
248,83,180,151
249,85,180,151
250,85,180,151
249,84,180,151
250,87,181,152
249,85,182,153
250,86,182,152
251,87,184,154
250,85,184,154
249,85,184,154
249,85,184,154
250,85,186,156
250,84,187,157
249,84,188,158
249,86,190,159
249,86,190,159
247,84,191,160
248,86,191,160
244,84,193,162
242,82,194,163
243,83,194,163
243,83,194,163
234,84,197,165
234,84,197,165
234,84,196,165
220,81,201,168
220,78,202,169
220,78,202,169
221,79,200,168
207,77,206,172
205,76,207,173
204,76,208,174
197,75,209,175
195,74,213,178
194,73,217,182
194,73,217,182
189,71,223,187
186,70,224,188
185,68,226,189
