230,63,178,171
247,56,177,170
248,56,175,168
248,56,175,168
260,50,174,167
260,50,175,168
259,49,176,169
259,48,176,169
271,49,173,166
271,50,173,166
272,49,173,166
277,51,170,163
277,49,170,164
276,48,171,165
277,49,171,164
281,51,167,161
280,48,169,162
279,48,170,163
281,49,168,161
283,49,165,159
284,49,165,158
282,47,165,159
284,45,164,158
284,45,164,157
284,45,163,157
283,44,164,157
283,40,165,158
284,40,162,155
284,39,162,155
284,39,160,154
285,39,159,153
286,39,159,153
284,38,160,154
285,40,157,151
285,41,156,150
286,41,156,150
285,41,155,149
286,43,153,149
286,43,152,149
286,43,152,150
285,44,150,149
286,45,148,149
286,45,147,151
286,46,147,149
286,47,145,146
284,48,147,144
283,49,147,144
284,52,144,141
284,52,144,141
283,52,143,140
283,52,143,140
282,54,141,138
284,56,139,136
283,56,139,136
283,57,138,135
283,59,136,133
283,60,136,133
283,60,135,132
283,63,133,130
283,63,133,130
283,63,133,130
282,62,134,131
282,64,132,129
283,65,131,128
282,63,131,129
281,64,130,128
281,64,130,127
282,66,129,126
281,65,130,127
281,66,128,125
283,67,126,123
282,66,126,123
282,66,127,124
282,68,124,122
282,68,124,121
283,68,124,121
282,69,122,119
282,69,122,119
282,70,121,119
282,70,121,119
280,69,121,118
279,69,122,119
281,70,121,119
279,70,120,118
279,70,120,118
279,71,120,117
280,72,119,116
279,71,119,116
280,73,117,115
279,72,118,115
279,71,118,116
278,72,117,114
280,73,116,114
278,72,117,114
278,73,116,113
279,74,115,113
280,74,115,112
279,74,115,112
279,75,113,111
277,74,114,111
278,74,114,111
277,75,114,111
278,76,113,110
278,76,113,110
277,76,113,110
276,76,113,110
276,76,112,110
275,77,112,110
276,77,112,109
276,78,111,109
277,79,110,107
276,78,110,108
275,78,110,108
276,79,109,107
276,79,109,107
276,79,109,107
274,80,110,107
273,79,109,106
273,79,109,106
273,83,107,104
271,81,108,105
271,82,108,105
272,83,107,104
269,83,108,105
270,85,106,104
270,85,106,103
270,85,106,103
265,86,107,104
265,86,106,103
266,88,106,103
263,88,106,103
263,89,105,102
263,88,106,103
263,89,106,103
259,89,107,104
259,90,106,103
260,91,106,103
256,94,106,103
256,94,106,103
256,94,106,103
253,94,109,103
250,95,111,105
250,95,112,105
251,96,110,104
252,97,110,104
252,99,110,104
252,99,110,104
251,98,110,104
253,99,110,104
253,99,110,104
253,99,110,104
253,99,110,104
258,100,111,105
258,100,111,105
258,100,111,105
263,99,112,106
264,100,111,105
264,100,111,105
263,99,112,106
265,98,114,107
265,98,114,108
264,98,115,109
266,99,113,107
266,102,114,107
266,101,114,108
265,100,115,109
261,100,116,110
260,100,117,111
262,102,115,109
261,101,115,109
256,101,117,110
255,102,117,111
255,101,117,111
249,101,119,113
249,101,119,112
249,101,119,112
249,101,120,113
243,101,122,115
243,103,121,115
243,103,121,114
243,103,121,115
241,91,123,116
241,91,123,117
240,91,124,117
239,90,129,118
239,90,129,118
239,90,128,117
239,90,128,117
241,81,130,119
241,80,132,121
242,82,131,120
246,81,133,122
246,81,135,123
246,81,135,124
246,80,135,124
253,85,137,125
253,86,137,125
253,85,136,125
253,85,137,126
258,82,139,127
259,82,138,127
259,82,142,128
265,80,144,129
267,82,141,127
265,80,144,130
264,79,145,131
272,74,145,130
272,74,145,130
272,75,144,130
274,72,146,131
269,69,152,135
269,69,152,135
269,69,152,135
269,70,153,136
269,70,153,136
270,70,153,136
269,70,153,136
271,67,154,137
271,67,155,137
271,67,155,138
270,66,158,140
270,67,158,141
269,67,158,140
269,66,158,140
267,67,161,143
268,69,160,142
269,69,159,142
260,70,165,141
260,68,165,141
260,68,165,141
260,68,165,141
252,69,166,142
252,69,166,142
252,69,166,142
252,69,166,142
240,69,166,142
237,69,170,141
237,69,170,141
222,69,171,142
221,68,171,142
222,69,172,142
219,69,175,143
207,67,173,141
208,68,174,142
207,67,173,141
194,67,175,143
194,67,175,143
194,67,175,143
194,67,175,143
181,62,179,147
181,62,179,147
181,62,179,147
181,62,179,147
173,63,180,148
170,60,183,150
169,60,184,151
163,60,183,150
163,60,183,150
163,60,183,150
163,60,183,150
155,61,184,151
156,62,183,150
155,62,183,150
146,62,185,152
145,63,186,152
145,63,185,152
148,65,182,150
136,65,189,150
136,65,189,150
136,65,189,150
134,63,192,152
134,65,190,150
133,65,191,151
131,63,192,152
129,64,193,153
130,66,192,152
130,67,191,152
131,67,191,151
125,61,194,154
125,61,194,154
125,61,193,153
122,63,197,156
122,63,194,154
121,63,196,156
123,65,194,154
117,63,195,155
117,63,196,155
116,62,196,155
115,61,197,157
110,55,199,158
109,54,198,157
110,56,197,156
101,52,198,157
99,54,202,156
99,54,202,156
99,54,202,156
93,52,203,157
91,50,204,158
91,49,204,158
81,52,206,158
82,51,205,159
82,51,206,159
82,51,206,159
74,48,207,160
75,48,207,160
75,49,207,159
75,49,207,160
67,41,209,162
66,40,207,160
67,40,208,161
60,40,206,159
58,39,209,162
59,40,207,160
58,39,209,162
53,34,211,163
54,35,208,161
55,36,207,160
53,36,207,160
52,36,207,160
53,36,207,159
50,34,211,163
47,36,212,164
48,39,209,161
49,40,208,161
47,39,209,161
46,38,207,160
46,38,207,160
47,39,208,161
46,35,209,161
47,36,208,160
45,35,208,161
47,36,208,160
47,36,207,160
48,38,207,160
48,38,207,160
50,38,208,160
49,37,207,160
51,38,205,158
47,37,210,159
49,39,211,160
50,40,210,159
49,40,211,160
50,40,213,161
51,42,211,160
48,42,215,163
49,42,212,161
48,43,215,163
49,43,213,161
49,43,213,161
51,44,211,160
46,43,214,162
45,44,217,164
46,44,214,162
41,42,218,165
40,42,216,164
39,41,218,165
39,41,218,165
32,40,220,166
32,40,220,167
32,40,220,166
32,40,220,166
25,38,221,167
25,39,222,168
24,39,222,168
17,38,225,170
15,38,225,170
15,38,222,168
16,38,222,168
10,38,225,170
13,41,221,167
13,41,221,167
8,42,223,168
7,42,224,169
7,43,224,170
6,41,224,169
3,43,222,168
2,43,224,169
0,41,226,171
0,40,226,171
0,41,221,169
0,40,220,169
0,38,222,172
0,36,220,174
0,35,220,175
0,37,220,173
0,36,220,175
0,36,216,172
0,32,217,177
0,35,217,174
0,32,213,174
0,32,213,173
0,31,213,172
0,31,213,173
0,29,209,173
0,25,212,179
0,23,213,182
0,22,212,182
0,20,211,182
0,20,210,182
0,20,209,181
0,20,207,180
0,18,205,182
0,18,205,182
0,18,205,182
0,16,203,185
0,15,199,186
0,15,199,186
0,15,194,189
0,16,193,188
0,16,193,188
0,16,193,188
0,16,191,190
0,15,187,192
0,15,187,192
0,15,187,192
0,14,185,195
0,14,184,194
0,18,184,191
0,18,183,192
0,18,182,192
0,18,183,193
0,18,183,193
0,20,182,194
0,20,182,194
0,20,182,194
0,21,181,194
0,19,180,195
0,20,181,195
0,19,180,194
0,18,179,194
0,18,178,194
0,17,178,194
0,17,178,194
0,16,180,195
0,15,179,195
0,13,179,196
0,12,181,198
0,14,181,196
0,14,181,196
0,14,182,196
0,14,183,195
0,14,184,195
0,12,184,198
0,12,188,197
0,12,188,197
0,12,190,198
0,12,188,198
0,10,193,199
0,10,193,198
0,12,193,196
0,13,194,196
0,13,200,195
0,13,200,195
0,13,200,195
1,13,206,195
0,14,207,195
0,13,207,195
0,13,207,195
6,15,206,194
4,15,208,194
4,15,207,193
10,18,207,193
11,18,206,193
12,18,205,193
11,18,206,193
16,26,206,184
16,26,206,184
15,25,207,185
16,25,206,184
18,25,204,183
20,26,204,182
20,27,204,182
23,28,200,179
22,26,201,180
23,27,202,181
22,26,202,181
24,25,200,179
24,24,200,178
25,25,200,178
27,26,197,176
27,24,198,177
27,24,198,176
27,24,198,177
29,24,195,175
30,25,195,174
30,25,196,175
31,25,195,174
31,23,193,172
32,23,192,172
32,23,193,172
33,22,191,170
34,23,191,170
34,23,190,170
34,22,190,169
35,23,187,167
34,22,187,171
34,22,187,171
34,22,185,170
34,22,185,169
32,20,188,171
34,22,185,170
34,22,183,167
35,21,183,167
34,21,183,167
34,21,182,167
35,22,178,163
32,20,180,165
32,19,180,165
31,18,180,165
31,17,180,165
31,17,180,165
31,17,180,165
30,17,179,164
29,17,180,165
29,17,181,165
30,21,176,161
31,22,174,159
31,22,174,159
31,22,174,159
31,25,173,158
31,26,172,157
32,27,173,158
34,29,168,154
31,29,169,155
31,29,170,155
32,30,170,155
32,32,168,153
32,32,166,152
32,33,166,151
31,32,166,152
32,35,164,150
31,35,164,150
31,35,164,150
32,39,163,149
32,39,162,148
33,41,160,146
32,39,162,148
33,44,161,147
34,45,158,145
34,46,157,144
34,46,157,144
33,50,158,144
32,51,158,144
34,53,155,142
33,59,155,142
33,59,155,142
33,60,155,142
33,60,155,142
32,64,156,143
34,68,154,135
34,66,153,140
35,68,153,140
39,69,149,134
41,70,149,133
41,70,149,133
39,71,149,133
41,72,148,132
41,72,148,131
40,71,149,132
31,73,147,131
31,73,148,132
31,72,147,131
18,73,146,130
18,73,146,130
18,73,146,130
18,73,146,130
14,70,133,121
13,69,133,121
14,70,133,121
0,55,132,123
0,55,131,122
0,55,130,121
0,55,130,121
0,50,120,122
0,50,120,122
0,50,120,122
0,50,120,122
0,49,121,123
0,49,112,124
0,48,111,124
0,47,107,124
0,47,109,124
0,46,106,125
0,47,109,125
0,47,104,125
0,47,103,124
0,46,103,124
0,44,96,125
0,44,95,125
0,44,95,124
0,43,95,124
0,43,90,123
0,44,91,121
0,44,92,121
0,44,91,121
0,40,87,121
0,41,86,121
0,41,89,122
0,39,86,119
0,38,89,122
0,38,88,120
0,38,87,120
0,38,96,120
0,38,95,120
0,38,97,123
0,38,112,125
0,37,111,125
0,36,111,126
0,38,111,124
0,42,135,123
0,42,134,123
0,42,134,123
0,42,133,123
27,46,133,121
27,46,133,121
26,47,134,121
56,51,135,122
56,51,135,122
56,51,135,122
56,51,133,121
88,59,132,120
89,61,130,118
88,61,131,119
121,65,132,120
122,66,132,120
121,65,132,120
120,66,132,120
153,72,132,120
153,73,132,120
154,74,131,119
153,73,131,119
182,78,131,119
183,79,130,118
184,80,129,118
207,82,130,118
206,82,130,118
207,82,129,117
207,83,129,117
220,84,130,118
221,84,129,118
221,85,129,118
227,81,131,119
227,81,131,119
227,81,131,119
227,82,131,119
235,77,130,118
234,76,129,117
234,76,130,118
233,75,131,119
240,74,131,119
241,74,130,118
241,74,130,118
246,73,128,116
245,72,132,120
246,73,131,119
246,73,131,119
252,73,131,119
251,72,132,120
252,72,132,120
257,74,133,121
257,74,133,121
257,74,133,121
257,74,133,121
262,76,133,121
263,76,133,121
262,75,134,121
261,74,135,123
266,75,134,122
266,75,134,122
265,74,134,121
266,74,134,121
266,75,134,122
266,75,134,122
267,75,134,122
268,76,134,122
268,77,133,121
268,76,133,121
266,75,135,122
267,76,133,121
267,77,133,121
267,76,133,121
267,76,133,121
267,75,133,121
267,76,134,121
267,75,133,121
266,75,134,122
266,75,134,122
266,75,134,122
264,75,133,121
264,75,133,121
264,75,133,121
264,75,134,121
265,77,133,121
266,78,133,121
267,78,133,121
270,79,133,121
270,79,133,121
270,79,133,121
270,79,133,121
273,78,132,120
273,79,132,120
274,79,133,121
273,78,133,121
278,80,133,121
278,80,133,121
278,80,133,121
281,80,133,121
281,80,133,121
281,80,133,121
281,80,133,121
282,82,133,121
282,82,133,120
282,81,133,121
285,81,132,120
284,81,132,120
285,81,132,120
285,82,132,120
289,80,132,120
289,80,132,120
289,80,132,120
288,79,132,120
294,79,132,120
295,79,132,120
295,79,133,120
299,79,132,120
300,79,132,120
300,79,133,120
300,78,133,120
304,78,133,121
305,79,133,121
306,79,133,121
309,78,133,121
309,77,134,122
309,77,134,122
310,78,133,121
312,79,134,118
312,79,134,118
312,79,134,118
312,79,134,118
313,80,134,118
313,80,134,118
313,79,134,118
313,80,135,119
312,79,135,119
313,80,135,119
312,78,136,120
314,79,135,119
314,79,136,120
313,78,136,120
315,79,136,120
315,79,136,120
315,79,137,121
315,79,136,120
318,81,136,120
318,81,137,121
318,80,137,121
318,80,138,121
320,81,136,120
320,80,137,120
321,81,136,119
324,80,136,119
323,79,137,120
323,79,137,120
323,79,136,120
325,81,137,121
327,82,137,120
326,81,137,120
327,82,138,121
326,82,138,121
326,82,138,121
326,82,138,121
326,82,138,122
328,83,137,121
326,82,138,122
322,83,137,120
321,82,138,121
321,82,138,121
322,82,137,120
319,81,137,120
319,80,138,120
318,80,138,121
317,79,139,122
311,79,140,122
312,80,139,122
312,81,139,121
304,77,142,124
305,77,141,123
304,77,140,123
304,77,140,123
296,75,141,123
296,75,141,123
296,75,141,123
297,75,141,123
288,75,141,124
289,76,141,124
288,75,141,124
280,75,142,125
281,75,142,125
280,75,142,125
282,76,141,124
277,77,142,124
276,77,142,124
275,77,143,125
273,78,142,124
272,77,142,125
271,76,143,125
271,77,142,125
270,77,143,126
269,77,144,126
270,77,143,126
269,77,144,126
265,77,135,123
265,77,136,124
265,77,135,123
262,74,138,126
263,75,136,124
262,74,138,126
263,76,137,124
263,74,137,125
264,75,137,124
262,73,138,126
264,74,137,125
266,76,136,124
266,75,137,125
266,75,137,125
269,76,137,125
268,74,139,126
269,76,138,125
269,75,137,125
274,76,137,125
274,76,138,125
272,75,139,126
279,77,138,126
279,77,138,125
278,76,138,126
278,76,138,126
284,76,139,126
285,77,138,126
285,77,138,125
292,76,139,126
293,78,138,125
291,77,139,126
293,78,138,126
301,79,138,126
301,79,138,126
301,79,138,126
300,77,139,127
308,79,139,126
308,79,138,126
308,79,138,126
315,79,139,127
316,81,138,126
317,81,138,125
315,80,139,126
322,81,139,126
321,80,140,127
322,80,140,127
327,81,139,127
323,80,139,127
323,80,140,128
323,81,140,128
329,82,139,127
329,81,139,127
328,80,140,128
328,80,140,128
332,81,140,128
333,81,140,128
333,81,140,128
335,81,140,128
335,81,140,128
335,81,140,128
335,81,140,128
337,80,140,128
338,81,140,128
338,81,140,128
339,81,140,128
339,81,139,127
338,80,140,128
338,80,140,128
339,81,140,128
338,79,140,128
339,80,141,129
339,80,141,129
338,79,141,129
337,78,137,130
337,78,137,130
337,76,139,132
336,75,140,133
339,77,137,130
338,76,138,131
340,75,139,132
340,74,141,133
340,75,141,133
345,74,141,134
347,76,139,132
347,75,140,132
347,75,139,132
352,73,142,135
354,76,139,132
354,75,140,133
352,73,142,135
360,75,140,133
359,73,141,134
358,73,142,135
364,73,142,135
364,73,142,135
364,73,142,135
364,73,142,135
366,72,144,136
366,72,144,136
367,73,144,137
367,72,145,137
367,73,145,137
367,73,145,137
367,73,145,137
365,73,145,138
364,72,145,137
365,72,145,138
364,71,145,138
362,71,145,137
361,70,146,139
360,69,146,139
355,68,147,139
356,69,146,139
355,68,146,139
355,68,146,139
349,66,149,141
350,68,147,140
351,68,147,140
344,66,149,142
344,66,150,142
344,66,150,142
344,66,150,142
339,68,150,139
338,67,153,141
338,68,151,140
337,66,153,142
334,66,154,142
333,66,154,142
333,66,154,142
329,65,155,144
328,65,155,144
328,65,154,143
328,65,153,142
324,65,155,144
323,65,156,144
322,65,155,144
318,64,158,147
318,65,157,145
318,66,155,143
318,65,155,143
315,64,156,145
315,65,157,146
314,65,158,146
314,64,158,146
313,63,159,147
313,62,161,149
313,62,160,148
314,62,162,150
313,61,162,150
314,62,162,150
314,62,162,150
315,60,163,151
316,61,163,151
315,60,163,151
317,59,164,152
317,59,167,154
317,59,167,154
317,59,167,155
320,58,169,156
319,57,169,156
318,56,169,157
318,56,169,157
318,55,170,158
317,54,172,159
317,54,173,161
313,53,174,162
314,54,176,163
314,54,176,163
313,54,176,163
306,51,180,167
305,51,180,167
305,51,180,166
296,49,182,168
297,50,183,170
296,49,184,170
296,48,183,170
287,47,186,173
285,46,193,173
285,46,193,173
285,46,193,173
274,45,196,176
274,45,196,176
275,46,196,176
265,45,199,178
265,44,200,179
264,44,200,179
264,44,200,179
261,44,204,183
260,45,204,183
260,45,204,183
259,44,205,184
258,44,206,184
258,44,206,185
256,42,208,187
257,41,211,189
256,39,212,190
257,40,212,190
256,39,212,190
258,33,213,191
259,33,214,192
259,32,214,192
257,24,219,197
257,24,219,197
257,24,219,197
257,24,219,197
257,24,220,198
258,24,223,201
258,24,221,199
258,24,222,199
259,24,224,202
259,25,224,202
259,25,224,202
259,25,225,204
259,25,225,204
256,25,228,204
254,25,230,204
254,26,231,205
254,26,231,205
253,25,232,206
