226,469,55,40
229,472,55,40
238,478,55,40
243,481,54,39
249,485,55,40
255,489,54,40
261,493,54,39
268,497,54,40
274,501,54,39
281,505,54,39
287,508,54,40
294,512,54,39
301,515,55,40
308,517,54,39
315,520,55,40
322,522,54,40
328,523,55,40
334,526,55,40
340,527,54,39
344,527,54,39
347,528,55,40
348,527,55,40
348,526,55,40
348,524,56,40
347,520,55,40
345,516,55,40
344,512,55,40
342,508,55,40
342,504,55,40
340,500,54,40
340,496,54,39
341,492,54,40
341,488,54,39
343,485,54,39
345,480,55,40
349,478,54,39
353,475,55,40
358,472,55,40
363,469,55,40
369,466,55,40
376,464,55,40
382,460,54,40
389,457,54,39
395,454,55,40
402,451,55,40
410,448,55,40
416,444,55,40
422,442,56,41
428,439,56,41
434,437,55,40
439,434,55,40
445,432,55,40
450,430,55,40
456,428,56,40
466,422,56,41
469,419,56,41
471,416,56,41
472,413,56,41
472,411,56,41
469,408,56,41
467,405,56,41
464,403,56,41
460,400,56,41
456,397,56,41
455,397,55,36
452,395,54,35
451,394,53,35
448,390,54,36
446,388,55,36
446,386,53,35
446,384,54,35
447,382,53,35
447,380,54,35
447,379,54,35
449,377,53,35
450,376,53,35
451,374,54,35
451,373,54,36
452,372,54,35
453,372,54,35
452,371,54,35
453,370,55,36
452,370,55,36
451,370,55,36
450,372,56,36
450,373,56,36
449,376,55,36
449,379,55,36
449,382,55,36
448,386,55,36
448,391,56,36
449,396,54,36
448,401,55,36
448,406,56,37
449,413,56,36
449,419,56,37
449,426,55,36
449,432,55,36
449,438,55,36
448,443,55,36
448,449,55,36
448,455,55,36
448,460,55,36
449,465,55,36
450,470,55,36
451,474,55,36
453,477,54,36
455,479,54,36
458,481,55,36
463,482,54,36
474,477,54,36
480,475,54,35
486,472,54,35
491,468,54,35
496,464,54,35
501,462,54,36
507,458,54,35
513,457,54,35
519,455,54,35
525,453,54,35
532,452,54,36
538,451,54,35
544,450,55,36
549,449,55,36
553,447,55,36
555,445,55,36
555,442,55,36
554,437,55,36
550,431,56,36
544,424,55,36
536,417,55,36
526,410,55,36
513,401,55,36
499,394,55,36
484,385,55,36
468,378,55,36
451,370,54,36
435,362,54,35
422,355,54,36
409,348,54,35
395,338,54,36
390,333,54,36
387,329,54,36
385,325,55,36
386,322,56,37
388,319,56,37
392,317,55,37
397,315,55,37
401,313,54,36
407,312,54,36
413,310,54,36
419,310,53,35
426,310,52,34
428,310,52,34
444,312,53,35
463,310,51,34
466,313,51,34
453,313,51,34
452,312,52,34
439,315,51,31
444,311,50,27
452,307,48,26
458,306,49,26
457,304,49,27
469,303,50,27
475,300,49,26
483,302,50,27
489,301,49,27
510,295,50,27
522,294,51,27
522,295,52,28
522,295,53,28
528,294,53,29
530,294,54,29
533,295,53,28
531,295,54,29
530,296,53,28
530,296,55,29
528,296,54,29
523,298,55,29
517,299,55,29
514,300,55,30
509,301,55,30
506,302,55,30
503,303,56,30
503,304,56,30
502,305,56,30
502,305,56,30
505,306,57,30
507,306,57,31
509,306,57,30
513,306,57,31
514,305,58,31
521,306,57,31
529,305,58,31
530,306,58,31
531,306,59,32
530,307,59,32
529,307,59,31
527,308,59,32
526,308,60,32
527,309,59,31
526,309,59,31
527,309,59,31
528,309,59,32
530,310,59,32
533,310,59,31
536,310,56,32
538,310,56,32
541,310,56,32
543,310,56,32
545,310,56,32
546,311,56,32
545,311,56,32
546,312,56,32
546,312,56,32
546,313,56,32
545,313,56,32
546,313,56,32
547,313,56,32
549,314,55,32
559,315,55,31
561,316,55,31
564,316,55,32
566,316,56,32
569,317,56,32
571,318,56,32
574,315,54,35
573,315,55,36
573,316,55,36
574,317,55,35
573,318,55,35
572,319,54,35
572,320,54,35
570,321,54,35
570,322,53,35
570,323,53,35
570,324,53,35
571,325,53,35
572,325,53,35
573,327,53,35
575,328,53,34
576,329,53,34
578,329,53,34
581,331,52,34
582,332,52,34
584,332,53,34
586,333,53,34
590,335,53,34
593,336,53,34
595,336,52,34
596,335,52,34
598,336,52,34
598,334,52,34
597,332,52,33
597,330,52,34
597,329,52,34
595,327,52,34
593,326,51,33
592,326,51,33
588,324,51,33
585,323,51,33
582,323,51,33
577,322,51,33
573,320,51,33
568,318,51,33
563,316,51,33
560,315,51,33
560,308,48,41
556,304,48,41
553,299,48,41
551,294,48,41
549,288,48,41
548,282,47,40
548,274,47,40
548,268,47,40
549,261,46,40
548,254,47,40
550,248,46,40
551,242,46,39
553,236,46,40
556,231,47,40
560,226,43,47
564,222,42,46
568,219,42,46
573,215,42,45
579,212,42,46
584,209,42,46
590,207,42,46
597,205,41,45
604,204,41,45
610,203,42,46
620,199,37,46
627,199,37,45
634,199,36,45
642,200,36,45
649,201,36,45
657,203,36,44
664,204,35,44
671,206,35,44
677,207,35,44
685,208,33,44
692,210,33,44
699,212,33,44
706,212,33,44
711,214,33,45
715,214,34,45
724,217,33,44
725,218,33,44
729,220,30,44
729,222,30,44
727,224,30,44
724,227,30,44
719,229,30,44
714,233,30,44
707,236,30,44
700,240,30,45
693,241,31,48
685,245,31,48
677,249,31,49
668,254,31,48
660,259,31,48
652,263,31,48
645,267,31,47
639,271,31,48
633,275,31,48
628,280,31,48
624,283,31,48
620,285,31,48
617,285,32,49
615,284,32,50
615,285,32,50
615,285,32,50
615,284,32,50
618,284,32,50
621,284,32,49
625,283,32,49
637,283,32,49
642,282,32,50
647,282,32,50
653,280,33,51
658,279,33,50
660,278,38,50
665,275,38,50
669,272,39,51
675,268,39,51
680,265,39,51
686,260,39,51
691,255,39,51
696,251,39,51
702,245,39,51
709,241,39,51
714,235,39,51
720,229,39,51
726,223,39,52
731,217,39,51
736,210,39,52
741,204,39,51
745,198,39,52
750,192,39,51
755,187,39,52
758,181,39,52
762,176,39,52
764,172,42,52
768,168,42,52
775,162,42,52
778,161,42,52
780,161,43,53
782,160,43,53
783,161,44,54
783,162,44,55
784,165,44,54
784,167,44,54
784,171,45,55
784,175,45,55
784,178,45,55
786,183,45,55
787,187,45,55
789,192,44,55
792,196,45,55
797,201,45,56
801,205,46,56
807,210,46,56
814,215,46,57
821,219,47,57
829,223,46,57
838,227,46,57
847,231,46,57
857,233,46,57
866,235,46,57
876,237,46,57
885,237,46,57
894,238,46,57
902,244,52,51
911,244,51,50
918,244,52,51
925,242,52,51
931,241,52,51
937,239,51,50
941,235,52,51
946,231,52,51
950,228,52,51
954,222,52,51
957,217,53,52
959,210,53,52
962,203,53,52
964,195,53,52
965,186,53,52
967,178,53,52
969,168,54,53
971,159,54,53
975,151,53,52
978,141,54,53
982,133,53,52
987,125,53,52
991,117,53,52
995,111,53,52
999,105,53,52
1002,101,53,52
1004,99,53,52
1006,98,53,52
1006,98,54,53
1006,100,54,53
1006,102,54,53
1005,105,54,53
1002,107,54,53
999,111,54,53
996,115,54,53
990,118,54,53
984,122,54,53
975,127,54,53
966,131,54,53
954,134,54,53
942,137,55,54
932,142,55,54
921,145,55,54
911,148,55,54
902,152,55,54
895,156,55,54
888,159,55,54
881,162,54,53
876,166,54,53
870,168,54,53
865,171,55,54
859,173,54,53
851,174,54,53
841,176,54,53
830,179,54,53
816,180,55,54
801,183,55,54
787,185,52,53
738,194,52,53
722,198,52,53
706,203,51,52
691,208,51,52
676,214,51,52
660,220,51,52
645,226,52,53
630,232,52,53
615,239,52,54
602,242,48,57
588,248,49,58
574,255,49,58
562,261,49,58
550,268,48,58
539,273,49,58
530,278,46,62
522,283,46,62
514,288,46,62
508,292,46,63
501,296,46,63
496,299,47,63
493,302,47,63
489,302,47,64
491,305,40,63
489,305,40,63
487,305,40,63
486,306,40,63
485,306,40,63
481,306,40,63
482,307,40,63
482,310,40,63
481,312,40,63
482,314,40,63
482,317,40,63
483,320,40,63
483,324,40,64
483,328,36,58
483,331,36,58
483,334,36,59
484,337,37,59
485,340,36,59
484,340,37,59
484,341,37,60
485,341,37,60
485,340,37,59
485,338,37,60
486,337,37,59
486,335,37,60
486,330,37,60
487,328,37,60
488,324,37,60
489,319,37,60
492,315,37,60
495,311,37,60
498,305,37,60
504,301,37,60
508,296,37,60
512,290,37,60
517,287,37,60
520,283,38,60
523,281,38,60
525,279,38,61
527,280,38,61
527,280,38,61
527,282,37,60
526,285,37,60
522,289,38,60
518,291,37,60
514,296,37,60
510,300,37,60
505,305,37,59
500,309,37,60
496,315,37,60
493,318,37,60
491,324,38,61
489,323,38,61
485,322,39,62
486,324,38,62
484,324,38,62
485,321,38,61
487,318,38,61
489,315,37,60
492,312,37,60
494,309,38,61
497,304,38,61
504,300,37,60
510,293,38,61
515,293,38,61
521,287,38,61
529,283,38,62
536,277,38,62
543,274,38,61
550,269,38,61
554,265,38,62
559,259,38,62
563,254,41,62
567,249,41,62
571,245,41,63
574,240,41,62
577,235,41,62
580,231,41,62
582,225,40,61
585,221,41,62
588,216,41,62
589,211,41,62
592,208,42,63
594,203,41,61
596,201,40,61
599,198,41,61
601,194,41,61
604,190,40,60
605,195,40,61
605,185,40,61
614,211,42,63
615,183,41,62
616,166,41,62
615,167,41,62
618,156,41,62
619,138,41,62
623,144,40,60
623,136,39,59
629,120,37,65
630,110,37,65
632,101,37,65
634,92,36,65
636,82,37,66
638,76,36,65
640,71,36,65
641,66,37,66
644,64,37,66
644,65,37,66
646,67,37,66
648,70,37,66
649,74,37,66
650,79,37,66
650,86,37,66
652,93,37,66
652,100,37,66
652,105,38,67
653,112,38,68
653,118,38,68
653,125,38,68
654,130,38,67
654,133,38,68
653,138,38,68
653,140,38,68
653,141,38,68
652,142,38,68
652,142,38,69
651,142,39,69
651,143,39,69
651,143,39,69
650,144,40,69
650,144,40,69
649,145,40,69
649,146,40,70
649,148,40,70
648,149,41,70
647,149,41,71
647,150,41,71
646,152,40,70
646,154,40,69
646,153,40,68
645,156,40,70
645,157,41,71
643,163,41,71
644,158,41,70
644,165,41,71
641,185,40,72
640,179,40,72
646,175,40,72
640,197,47,65
642,198,47,65
642,198,46,66
641,207,57,68
641,225,57,68
649,231,57,67
660,230,53,67
650,231,58,68
655,237,57,67
658,245,56,66
670,235,56,66
667,256,56,67
662,267,56,67
663,269,58,69
664,275,58,69
664,279,58,69
663,284,58,69
663,288,58,69
662,291,59,69
663,295,59,69
662,299,59,70
661,301,60,71
660,304,59,70
659,306,59,70
657,308,60,71
653,310,60,71
651,311,60,71
649,312,61,72
