109,379,385,271
109,379,385,271
109,379,385,271
204,365,336,234
205,366,335,239
207,368,333,242
276,361,297,211
279,359,297,215
342,355,266,195
341,356,266,193
342,355,266,195
397,350,244,182
400,352,239,177
400,352,239,177
447,346,229,170
450,349,222,164
493,346,206,152
493,347,204,151
493,347,204,151
527,346,193,143
530,348,192,142
531,349,191,141
556,344,184,137
558,346,179,135
581,342,168,129
584,345,169,128
584,345,169,128
605,345,163,123
606,346,161,122
607,347,160,121
627,348,154,117
627,347,152,115
644,347,147,111
646,348,146,110
647,349,144,109
662,348,141,106
664,348,139,105
664,348,139,105
677,346,135,102
677,347,135,102
691,347,132,100
693,347,130,98
693,348,129,97
705,345,125,95
705,345,125,95
705,345,125,95
717,342,123,93
717,342,123,94
727,341,121,92
727,340,122,92
727,341,122,92
739,342,120,91
739,342,118,90
739,343,117,89
752,344,114,87
752,345,114,86
763,343,112,85
766,343,107,84
766,343,107,84
776,340,107,84
777,341,106,83
777,341,106,83
787,341,104,81
788,340,103,81
798,341,101,79
798,341,101,79
799,342,100,79
808,342,99,78
809,342,98,77
808,342,99,77
817,340,98,77
818,340,97,76
826,336,97,76
828,339,95,74
828,339,95,74
836,338,94,73
836,337,95,74
836,337,95,74
845,340,92,72
844,340,92,72
849,342,91,71
850,343,90,70
849,342,91,71
852,343,90,70
852,342,90,70
852,343,90,70
853,343,89,70
854,343,88,69
856,344,87,68
856,344,87,68
856,344,87,68
858,345,85,66
858,344,85,66
858,344,85,66
858,342,84,65
858,342,83,64
858,342,81,63
858,342,81,63
858,341,81,63
858,342,81,63
858,342,81,63
858,342,81,63
859,345,80,62
859,345,78,62
859,346,78,62
859,346,78,62
859,346,78,62
857,346,77,62
857,346,77,61
857,346,77,61
851,347,78,62
850,346,79,63
840,350,77,63
842,351,73,62
842,351,73,62
832,357,72,61
832,358,72,59
832,358,72,59
821,361,72,59
822,361,71,59
810,361,70,58
811,362,69,57
810,361,70,57
798,358,70,57
799,359,69,56
798,358,69,57
785,352,69,57
786,353,69,56
774,347,68,56
774,347,67,55
774,348,67,55
765,349,67,55
765,349,68,55
765,349,67,55
757,355,68,55
758,355,64,56
750,357,64,56
751,358,63,55
751,358,64,56
742,354,63,55
741,354,63,55
742,355,63,55
733,355,62,54
732,354,62,55
696,361,63,55
698,362,61,53
698,361,57,53
690,362,57,53
690,362,58,54
690,362,58,54
682,362,59,55
682,362,59,55
675,361,58,54
676,361,58,54
675,361,58,54
667,357,58,54
667,357,58,53
667,358,57,53
659,355,57,53
659,355,57,53
649,355,57,53
651,356,54,53
651,356,55,54
640,353,56,55
640,354,54,53
640,353,56,55
631,349,55,54
631,350,55,54
622,350,55,54
621,350,55,54
622,350,55,54
612,355,55,54
612,355,55,54
612,355,55,54
603,358,55,54
603,358,52,54
595,357,51,53
594,356,52,54
594,356,52,54
586,355,52,54
585,355,52,54
585,355,52,54
577,355,52,54
578,355,52,54
570,355,51,50
570,355,51,50
570,355,51,50
563,352,51,50
563,352,51,50
562,352,51,50
560,352,51,50
559,351,50,49
561,352,50,49
561,352,50,49
561,353,50,49
563,354,51,50
564,354,51,50
564,355,50,49
565,355,50,49
565,355,50,49
565,353,50,49
565,352,52,51
565,352,51,50
566,352,50,49
567,353,50,49
567,353,50,49
567,352,50,49
567,352,50,49
568,349,50,49
569,349,50,49
568,349,50,49
570,349,49,48
570,348,49,48
570,348,49,48
571,351,49,48
571,350,49,48
572,351,48,47
573,351,48,47
572,350,49,48
571,350,49,48
571,350,48,47
571,350,48,47
569,354,48,47
569,354,48,47
567,357,48,47
567,357,48,47
567,357,48,47
566,356,48,47
567,357,47,46
567,357,47,46
565,353,47,46
565,353,47,46
565,353,47,46
565,351,47,46
565,351,47,46
564,352,47,46
564,353,47,46
564,353,46,46
563,357,46,45
563,357,46,45
563,357,46,45
563,360,46,46
563,359,46,45
562,357,47,46
562,358,47,46
562,358,47,46
561,353,46,46
561,354,46,45
561,353,46,45
560,351,46,45
560,351,46,45
559,351,46,45
559,351,46,46
560,352,46,45
559,355,46,45
559,354,46,45
559,354,46,45
558,356,46,45
559,356,46,45
558,356,46,45
558,356,46,45
558,356,46,45
558,352,46,45
558,352,46,45
557,352,47,46
558,351,46,45
557,351,46,45
556,355,46,45
556,355,46,45
556,355,46,45
556,361,46,45
556,361,46,45
556,361,46,45
556,359,46,45
556,360,46,45
555,352,46,45
555,352,46,45
555,352,46,45
554,349,46,45
554,349,46,45
554,349,46,45
554,351,46,45
554,352,45,45
554,354,45,45
554,354,45,44
554,353,45,45
554,356,45,44
554,355,45,44
554,355,46,45
555,359,46,45
555,358,46,45
557,360,45,45
557,360,45,45
557,360,45,44
558,357,46,45
558,357,46,45
559,357,46,45
560,356,46,45
560,356,46,45
562,359,46,45
562,359,46,45
562,359,46,45
564,360,46,45
564,360,46,45
564,359,46,45
566,355,46,45
566,355,46,45
568,351,46,45
569,351,46,45
569,351,46,45
570,350,46,46
570,351,46,46
570,351,46,45
572,353,46,45
572,353,46,45
573,352,46,45
574,352,46,45
574,352,46,45
574,350,47,46
573,350,47,46
573,349,47,46
574,351,47,46
575,351,48,47
576,351,48,47
576,351,48,47
577,351,48,47
580,351,47,46
580,351,47,46
579,350,48,47
582,352,48,47
582,352,48,47
585,355,48,47
584,354,48,47
585,355,48,47
586,352,48,47
586,353,48,47
587,353,48,47
587,352,48,47
587,351,49,48
586,350,49,48
586,350,49,48
586,350,49,48
586,350,49,48
586,350,49,48
586,350,49,48
585,350,49,48
585,350,49,48
585,352,49,48
585,352,49,48
585,352,49,48
587,352,49,48
587,352,49,48
587,352,49,48
588,350,49,48
588,350,49,48
589,350,49,48
589,349,49,48
589,349,49,48
590,348,49,48
590,348,49,48
590,348,49,48
591,347,49,48
591,347,49,48
592,350,50,49
592,351,50,49
592,350,50,49
593,358,50,49
593,358,50,49
593,358,50,49
593,357,50,49
594,357,50,49
595,353,50,49
595,353,50,49
595,352,51,50
595,352,51,50
596,352,51,50
595,352,51,50
596,352,51,50
597,353,51,50
598,351,51,50
598,351,51,50
598,351,51,50
598,349,51,50
598,349,51,50
598,349,51,50
599,350,51,50
599,351,50,49
600,352,50,49
600,351,50,49
600,351,50,49
600,351,51,50
600,351,51,50
600,351,51,50
600,349,51,50
601,350,50,49
601,347,50,49
601,346,51,50
601,346,51,50
600,348,50,49
599,347,51,50
599,347,52,51
598,350,52,51
597,350,52,51
597,348,52,51
597,348,52,51
597,347,52,51
596,347,52,51
596,347,52,51
596,347,52,51
596,351,51,50
595,350,52,51
595,353,51,50
595,352,51,50
594,352,52,51
594,350,52,51
594,351,52,51
593,350,52,51
593,348,52,51
593,347,52,51
591,347,52,51
591,347,52,51
591,347,52,51
589,350,52,51
589,351,52,51
589,351,52,51
588,352,52,51
588,352,52,51
587,348,52,51
587,348,52,51
586,348,52,51
586,346,52,51
586,346,52,51
585,345,52,51
584,347,52,51
584,347,52,51
584,351,52,51
583,351,52,51
583,350,52,51
582,350,52,51
583,350,52,51
583,350,52,51
582,349,52,51
582,348,52,51
581,348,52,51
581,348,52,51
581,348,52,51
580,349,52,51
580,350,52,51
580,350,52,51
580,350,52,51
580,350,52,50
579,347,52,51
579,348,52,51
579,347,52,51
578,347,52,51
579,347,52,51
578,347,52,51
577,347,52,51
577,347,52,51
576,348,52,51
576,348,52,51
575,347,52,51
573,350,52,51
573,349,52,51
573,349,53,52
573,350,52,51
573,350,52,51
572,348,52,51
572,348,52,51
572,348,52,51
572,347,52,51
572,348,52,51
572,348,52,51
571,349,52,51
571,349,52,51
571,346,53,52
572,347,52,51
571,346,52,51
571,343,53,52
572,343,52,51
572,343,52,51
572,345,52,51
572,345,52,51
572,346,52,51
572,348,52,51
572,348,52,51
573,350,52,51
573,350,52,51
573,349,52,51
573,350,52,51
573,350,53,52
574,351,52,51
574,348,53,52
575,349,52,51
576,349,51,50
576,348,52,50
576,348,52,51
578,346,52,51
577,346,52,51
578,346,52,51
579,345,52,51
579,345,52,51
581,344,52,51
581,344,52,51
581,344,52,51
582,347,52,51
582,347,52,51
582,347,52,51
584,349,52,51
584,349,52,51
586,349,51,50
586,348,51,50
586,348,52,50
587,348,52,51
587,348,52,51
588,348,52,51
589,349,52,51
589,349,52,51
590,347,52,51
590,347,52,51
591,347,52,51
592,347,52,51
592,347,52,51
591,346,52,51
593,346,52,51
594,347,52,51
595,346,52,51
595,346,52,51
595,346,52,51
597,346,52,51
597,346,52,51
597,346,52,51
597,347,52,51
598,347,52,51
597,348,52,51
598,348,52,51
598,348,52,51
598,348,52,51
598,348,52,51
597,347,52,51
597,347,52,51
597,347,52,51
597,348,52,51
597,348,52,51
597,348,52,51
596,349,52,51
597,350,52,51
597,350,52,51
596,349,53,52
596,349,53,52
597,346,52,51
596,345,53,52
596,345,53,52
596,345,53,52
597,346,52,51
596,345,53,52
596,349,53,52
597,350,53,52
597,351,53,52
597,351,53,52
597,351,53,52
597,349,53,52
598,349,53,52
598,349,53,51
597,347,53,52
597,347,53,52
597,350,53,52
598,350,53,52
598,350,53,52
598,351,53,52
597,351,53,52
598,351,53,52
598,350,53,52
598,350,53,52
598,349,53,52
598,349,53,52
598,349,53,52
598,348,53,52
598,349,53,52
598,349,53,52
598,351,53,52
597,350,53,52
597,349,54,53
597,349,54,53
598,349,52,53
598,347,52,53
598,347,52,53
598,346,53,54
598,348,53,54
598,348,53,54
598,349,53,54
598,349,53,54
598,349,53,54
598,346,52,53
599,346,52,53
599,347,52,53
598,345,53,54
598,345,52,53
598,349,52,53
598,348,53,54
598,348,53,54
597,349,52,54
597,350,53,54
597,349,53,54
597,348,53,54
598,348,52,53
597,348,52,53
596,348,52,53
597,348,52,53
596,348,53,54
596,349,53,54
596,349,53,54
595,348,53,54
595,348,53,54
595,347,54,55
596,348,53,54
596,348,53,54
596,350,53,54
597,350,53,54
596,350,53,54
597,352,53,54
597,352,53,54
597,349,53,54
597,349,53,55
597,349,54,55
598,348,54,55
597,347,54,55
598,348,53,54
598,352,54,55
598,352,54,55
598,352,54,55
598,352,55,56
598,352,55,56
598,347,55,56
599,348,55,56
599,348,55,56
599,347,55,56
599,347,55,56
599,350,55,56
599,350,55,56
599,350,55,56
599,352,55,56
599,352,55,56
599,352,55,56
600,350,55,56
600,350,55,56
600,346,55,56
601,346,55,57
601,346,56,57
600,345,55,57
601,345,55,57
600,345,55,57
601,349,55,57
600,349,56,57
600,349,56,57
600,348,56,57
600,348,56,57
600,345,56,57
600,345,56,57
600,345,56,57
600,345,56,57
600,345,56,57
600,348,56,57
600,348,56,57
601,348,56,57
600,348,56,57
600,348,56,57
600,348,55,57
601,346,55,56
601,346,55,56
601,346,55,56
602,346,55,56
602,346,55,57
603,348,55,56
603,348,55,56
603,348,55,56
603,347,55,56
603,347,55,56
604,344,55,56
604,345,55,56
605,345,55,56
605,345,55,56
605,345,55,56
605,344,55,56
606,348,55,56
606,348,55,56
607,349,55,56
607,349,55,56
607,349,55,56
608,350,54,56
608,350,54,55
609,350,54,55
609,347,54,55
610,347,54,55
609,344,54,55
609,344,54,55
609,344,54,55
609,348,54,55
609,348,54,55
609,347,54,55
609,351,53,54
609,351,53,55
609,351,53,54
609,351,53,54
609,351,53,54
609,349,53,54
609,349,53,54
609,349,53,54
608,349,53,54
609,349,53,54
608,350,52,53
608,350,52,53
608,351,52,53
608,349,52,53
608,349,51,52
608,349,52,53
608,349,51,52
608,348,52,53
608,353,51,52
608,352,51,52
608,353,51,52
608,357,51,52
608,357,51,52
608,357,51,52
608,354,50,51
608,354,50,51
608,351,50,51
608,351,50,51
608,351,50,51
608,349,50,51
608,350,49,50
608,349,50,51
608,349,50,51
608,349,50,51
608,349,50,51
608,351,49,50
608,351,49,50
607,353,49,50
608,353,49,50
607,353,49,50
608,352,48,49
608,352,48,49
608,352,48,49
608,349,48,49
608,349,48,49
609,350,48,49
608,349,48,48
609,350,47,48
609,348,47,48
609,348,47,48
609,348,47,48
610,347,47,48
610,347,47,48
611,351,47,48
611,350,47,48
611,350,47,48
612,351,47,47
612,351,47,47
612,351,47,47
613,348,46,47
613,348,46,47
613,348,46,47
613,348,46,47
613,348,46,47
613,348,46,47
613,348,46,47
613,348,46,47
613,345,46,47
613,345,46,47
612,349,46,47
611,349,46,46
612,349,45,46
610,357,45,46
611,357,45,46
611,358,45,46
609,357,45,46
610,357,45,45
609,350,44,45
609,349,44,45
608,349,44,45
608,348,44,45
608,348,44,45
608,348,44,45
607,350,44,45
607,350,44,45
606,351,44,45
606,351,44,45
606,351,44,45
606,351,43,44
606,350,43,44
606,350,43,44
605,351,43,44
605,351,43,44
605,353,43,44
604,353,43,44
605,353,42,43
604,353,43,44
604,353,44,44
604,353,43,44
603,351,43,44
604,352,43,44
604,346,42,43
604,347,43,44
604,347,43,44
604,347,43,44
604,347,43,44
604,347,43,44
604,351,43,44
604,351,43,44
605,350,42,43
605,350,42,43
604,350,42,43
605,344,42,43
605,344,42,43
605,344,42,43
606,345,42,43
606,345,42,43
606,352,42,43
606,352,42,43
607,353,42,43
607,355,42,43
607,355,42,43
607,355,42,43
608,352,42,43
607,352,42,43
608,352,42,43
608,352,42,43
608,352,42,43
609,354,42,43
608,354,42,43
609,354,42,43
608,355,42,43
608,355,42,43
609,354,42,43
609,354,42,43
609,354,41,42
609,352,41,42
609,351,41,42
609,352,41,42
608,354,41,42
608,354,41,42
608,358,41,42
608,358,41,42
609,358,41,42
609,356,41,42
609,356,41,42
609,356,41,42
609,349,41,42
608,349,41,42
608,352,41,42
