256,116,34,30
257,118,34,30
258,118,34,30
259,121,34,30
260,123,34,30
260,123,33,30
261,123,33,30
260,123,34,30
260,123,34,30
260,122,34,30
260,122,34,30
260,122,34,30
260,122,34,30
260,122,34,30
260,123,34,30
260,123,34,31
260,122,34,30
260,123,34,30
260,123,34,30
260,122,34,30
260,123,34,30
260,122,35,31
260,122,35,31
271,120,36,32
271,120,36,32
271,119,36,32
271,119,36,32
271,123,36,32
271,122,36,32
272,123,36,32
272,123,36,32
273,123,36,32
273,124,36,32
273,123,35,31
274,122,35,32
274,122,35,32
273,122,36,32
274,121,36,32
274,121,37,33
274,121,37,33
274,121,37,33
274,122,37,33
274,122,37,33
274,122,37,33
274,123,37,33
274,123,37,33
274,124,37,33
274,124,37,33
275,123,38,33
274,122,37,33
275,122,38,33
274,122,38,34
274,127,38,34
274,127,38,34
274,127,38,34
274,124,38,34
274,124,39,34
274,124,39,34
274,125,38,34
274,119,38,34
275,119,38,34
274,119,38,34
274,119,38,34
273,122,39,34
273,122,39,34
272,122,39,34
272,118,38,34
272,118,38,34
272,118,38,34
273,119,38,33
269,143,37,33
268,142,38,33
268,142,38,34
266,160,39,34
267,161,39,34
266,160,39,35
266,160,40,35
270,123,40,35
270,122,40,35
270,122,40,35
270,122,40,35
271,133,40,35
271,133,40,35
271,133,40,35
272,128,40,35
272,127,40,35
271,127,40,35
271,127,40,35
272,128,40,36
272,128,41,36
272,128,41,36
271,130,41,36
271,130,41,36
271,130,41,36
271,130,41,36
274,100,40,36
274,100,40,35
274,101,40,35
273,101,40,35
275,100,40,35
274,99,40,35
274,99,40,35
271,140,40,36
271,140,41,36
270,139,41,36
270,139,41,36
268,133,41,37
268,133,42,37
269,133,42,37
268,128,42,37
268,128,42,37
268,128,42,37
268,128,42,37
268,131,42,37
268,130,42,37
268,130,42,37
268,130,42,37
268,130,42,38
268,130,43,38
269,130,43,38
269,130,42,37
269,130,42,37
268,130,42,37
269,130,43,38
268,129,43,38
268,129,42,37
268,129,42,37
267,124,42,37
267,124,42,37
267,124,42,37
267,124,42,38
264,127,43,38
265,127,42,37
264,127,42,37
264,127,42,37
262,123,43,38
262,123,43,38
262,123,43,38
261,122,43,38
261,122,43,38
261,122,43,38
261,122,43,38
261,120,44,38
261,119,43,38
260,119,44,38
259,121,44,39
259,121,44,39
259,121,44,39
260,121,44,39
259,123,44,39
259,123,44,39
259,123,44,39
259,123,44,39
260,121,44,39
260,120,44,38
259,120,44,38
259,120,44,39
259,121,45,39
259,121,45,39
259,120,44,39
258,120,44,39
258,120,44,39
258,119,44,39
257,118,45,39
257,118,45,39
257,117,45,40
257,117,45,40
256,116,46,40
256,116,46,40
256,116,46,40
256,116,46,40
253,118,46,41
253,118,46,41
254,119,46,40
251,121,46,40
251,121,46,40
251,121,45,40
251,121,45,40
250,117,46,40
250,118,46,40
249,117,46,40
249,118,46,40
249,117,46,40
249,118,46,40
249,117,46,40
249,118,46,40
249,118,46,41
249,118,46,40
249,118,46,40
250,118,46,40
250,118,46,41
250,118,46,41
252,120,46,41
251,120,47,41
251,120,47,41
252,120,46,41
252,119,46,41
253,119,46,41
253,120,47,41
253,120,47,41
252,120,47,41
252,120,47,41
252,120,47,41
252,120,47,41
253,121,47,41
252,120,47,41
252,120,47,41
251,120,48,42
251,120,48,42
251,120,48,42
247,119,48,42
248,120,48,42
247,119,48,42
248,120,48,42
244,119,48,42
244,119,48,42
244,119,47,42
241,118,48,42
241,119,47,42
241,119,47,41
241,119,48,42
239,118,47,42
239,118,48,42
239,119,48,42
239,119,48,42
237,119,48,42
238,119,48,42
238,119,48,42
238,119,48,42
237,119,48,42
237,119,48,42
237,119,48,42
239,118,48,42
239,118,48,42
239,118,48,42
240,117,48,43
240,116,48,42
240,117,48,42
240,116,48,42
240,116,49,43
240,116,49,43
240,116,49,43
239,116,49,43
240,117,49,43
240,117,49,43
240,117,50,44
241,117,50,44
241,117,50,44
241,117,50,44
241,117,50,44
243,117,50,44
243,117,50,44
243,117,49,43
245,116,50,44
245,116,50,44
245,116,50,44
245,116,50,44
246,117,50,43
246,117,50,44
245,116,51,44
246,117,51,44
246,117,51,44
246,117,51,44
246,117,50,44
246,117,50,44
246,117,50,44
246,116,50,44
246,117,50,44
245,117,51,44
245,117,51,45
245,117,51,45
245,115,51,44
245,115,51,44
245,115,51,44
245,115,51,44
244,114,51,45
243,114,51,45
244,114,52,45
243,114,52,45
244,114,52,45
243,114,52,46
244,114,52,46
244,116,52,45
244,116,52,45
244,115,52,45
244,116,52,45
244,116,52,45
245,117,52,45
245,116,52,45
245,115,52,46
245,116,53,46
245,116,53,46
246,116,52,45
246,118,52,45
246,118,52,45
246,118,52,45
246,118,52,46
247,117,52,45
247,117,53,46
247,116,53,46
248,117,53,46
248,117,53,46
248,117,52,46
248,116,53,46
250,116,53,47
250,117,53,47
250,116,53,46
251,117,53,46
251,117,53,47
251,117,53,46
251,117,53,47
252,116,54,47
252,116,54,47
252,116,54,47
252,116,54,48
254,112,55,48
254,112,55,48
254,112,55,48
254,115,54,47
254,115,54,47
254,115,53,47
254,115,54,47
253,121,55,48
254,121,55,48
254,121,56,49
255,120,55,48
255,120,55,48
255,120,54,47
255,120,55,48
255,117,55,48
255,118,55,48
256,118,55,48
256,117,55,48
257,118,55,48
257,118,55,49
258,118,55,48
260,117,55,48
260,117,55,48
260,117,55,48
259,116,56,49
261,115,56,49
261,115,56,49
260,114,58,50
263,115,57,49
263,115,56,49
263,116,56,49
263,116,56,49
264,118,55,48
265,119,55,48
264,118,55,49
264,118,55,48
266,117,55,49
265,117,56,49
265,117,56,49
266,114,57,49
266,114,57,50
266,114,57,50
266,114,57,50
267,115,56,49
267,115,56,49
267,115,56,49
270,115,57,50
269,115,57,50
269,115,57,50
269,115,57,50
272,115,58,50
272,116,56,49
272,116,57,49
272,115,57,50
273,116,57,50
273,116,57,50
273,116,57,50
273,114,57,50
273,114,57,50
273,114,57,50
273,114,57,50
272,117,57,50
273,117,57,50
272,117,57,50
273,117,58,50
272,117,57,50
273,118,58,50
272,117,57,50
273,114,58,51
273,115,58,51
273,114,58,51
273,114,58,51
274,115,58,51
273,115,58,51
274,115,58,51
274,114,58,51
274,114,58,51
274,114,58,51
274,114,59,51
274,117,58,51
274,117,58,51
274,117,58,51
274,117,58,51
274,117,58,51
274,117,58,51
274,117,58,51
273,117,58,51
273,117,59,52
273,117,58,51
273,117,58,51
273,116,59,51
273,116,59,51
273,115,59,51
272,119,58,51
272,119,58,51
272,120,58,51
272,120,58,51
271,120,59,52
271,120,59,51
271,120,59,51
270,114,58,51
270,114,58,51
270,114,58,51
270,114,58,51
268,118,58,51
268,118,58,51
267,118,59,51
267,118,58,51
265,122,59,51
266,122,58,51
265,122,59,51
264,122,59,52
264,121,59,51
264,122,58,51
264,122,59,52
263,122,59,51
263,123,59,51
263,123,59,52
263,119,59,51
263,119,59,51
263,119,59,51
263,119,59,51
263,117,59,52
263,117,59,51
262,117,59,51
263,117,57,51
262,114,57,51
262,114,56,50
262,114,56,50
259,117,58,52
259,117,58,52
259,117,58,51
259,118,58,51
257,120,57,51
256,119,57,51
257,120,57,51
256,118,57,51
255,118,57,51
256,118,57,51
256,118,56,50
256,119,56,50
255,119,56,50
255,119,56,50
255,119,56,50
253,118,57,51
253,118,57,51
253,119,57,51
253,117,56,50
253,117,56,50
253,117,56,50
253,117,55,50
253,114,56,50
253,115,56,50
253,114,55,50
252,116,56,50
252,117,56,50
252,117,56,50
251,117,56,50
250,117,56,50
250,117,56,50
250,117,56,50
250,117,56,50
250,117,56,50
250,117,56,50
250,116,56,50
250,116,55,49
250,116,55,49
250,116,54,49
250,116,55,49
250,114,55,49
250,114,55,49
250,114,55,49
250,113,55,49
250,112,54,49
250,112,54,48
250,112,54,48
250,116,55,49
250,116,55,49
249,115,55,49
249,115,55,50
248,116,55,49
249,117,55,49
249,117,55,49
249,118,55,49
248,118,55,49
248,118,54,48
249,118,54,49
249,119,54,49
249,119,54,48
249,119,54,48
250,118,54,49
250,118,53,48
250,118,54,49
250,118,53,48
250,115,54,48
250,115,54,48
251,115,54,48
250,115,54,48
250,114,54,49
250,113,53,48
250,114,54,48
249,114,54,48
248,114,55,49
249,114,54,48
249,114,54,48
248,116,54,49
247,116,53,48
247,116,54,48
246,117,54,49
246,117,53,48
246,117,53,48
246,117,53,48
246,117,54,48
246,117,54,48
246,117,54,48
246,117,54,48
246,117,54,48
246,116,54,48
246,116,54,48
245,119,54,48
245,119,54,48
245,119,53,48
245,119,53,47
244,115,52,47
245,115,52,46
245,115,53,47
244,116,53,47
244,117,52,46
244,116,53,47
244,117,53,47
243,117,52,47
242,117,53,47
242,117,53,47
242,117,53,47
241,120,53,47
241,120,53,47
241,120,52,46
240,119,52,46
240,119,52,46
240,119,52,46
240,119,52,46
240,117,52,46
239,117,53,47
240,117,53,47
239,118,51,46
238,118,52,46
238,118,52,46
239,119,51,45
239,122,51,45
239,122,51,45
239,122,51,45
238,120,52,48
240,118,52,48
240,118,52,48
239,117,53,49
241,116,54,50
242,116,53,49
241,116,53,49
241,115,53,49
243,115,54,49
243,115,54,49
243,115,54,50
245,113,54,50
245,113,54,50
245,113,54,49
245,113,52,48
247,113,52,48
247,113,52,48
247,113,52,48
246,113,53,48
247,114,52,48
247,114,52,48
247,114,52,48
246,114,52,48
247,115,51,47
247,115,52,48
247,115,52,48
246,114,52,48
245,114,53,49
246,114,51,47
245,114,52,48
245,114,52,48
245,115,52,48
245,115,52,48
245,115,52,48
245,115,51,47
245,115,52,48
245,115,52,48
245,114,51,47
245,114,51,47
245,114,51,47
246,113,51,47
246,113,52,48
246,113,51,47
246,113,51,47
247,116,50,46
247,116,50,46
247,116,51,47
248,116,50,47
248,117,50,46
248,117,51,47
248,117,50,46
250,116,49,45
250,115,50,46
250,115,50,46
250,116,50,46
251,115,49,45
252,115,49,45
252,115,49,46
253,115,49,45
253,115,49,45
253,115,50,46
253,115,49,45
254,114,50,46
254,113,50,46
254,114,50,46
255,114,49,45
255,114,49,45
255,114,49,45
255,114,50,46
255,115,49,45
255,115,49,45
255,115,49,45
255,115,49,45
254,117,49,45
255,117,49,45
255,117,49,45
254,116,49,45
254,116,49,45
253,116,49,45
254,116,49,45
253,117,49,45
252,116,48,45
253,117,48,45
252,118,48,45
252,118,48,44
251,118,48,44
251,118,48,44
251,120,48,44
251,120,48,44
251,120,48,44
250,120,47,44
250,119,48,44
250,119,48,44
250,119,48,44
250,118,47,43
250,117,47,43
250,117,47,44
250,118,47,44
249,117,46,43
249,117,47,43
249,117,46,42
249,115,46,42
249,115,47,43
249,115,46,42
248,114,47,43
248,116,47,43
248,116,47,43
248,117,47,43
248,117,47,43
248,117,47,43
248,118,47,42
248,117,47,43
248,118,47,43
248,117,46,42
248,117,46,42
248,118,46,42
248,116,46,42
248,116,47,43
249,116,47,43
249,119,47,42
249,118,46,42
250,119,46,42
250,119,45,41
250,117,46,42
250,117,46,42
250,117,45,42
250,117,45,41
250,119,45,41
251,119,45,41
251,119,45,41
251,120,45,41
251,120,45,41
251,120,45,41
251,120,45,41
252,118,44,40
252,118,45,41
252,118,45,41
253,119,44,41
253,119,44,40
253,119,44,40
253,119,44,40
254,116,44,40
254,115,44,40
254,116,44,40
254,115,44,40
255,117,44,40
255,118,44,40
255,117,44,40
255,121,44,40
256,121,44,40
256,121,44,40
256,121,44,40
256,124,43,40
256,124,43,40
257,124,43,39
257,124,44,40
257,124,44,40
257,124,43,40
257,124,44,40
258,124,43,40
259,124,43,39
259,125,43,39
258,124,43,39
260,119,42,39
260,119,42,39
260,119,43,39
262,115,43,39
262,115,43,39
262,115,43,39
262,115,43,39
263,113,43,39
263,113,43,39
263,113,43,39
263,123,43,39
263,122,43,39
263,122,43,39
263,122,43,39
264,127,43,39
264,127,42,39
264,127,43,39
264,127,42,39
266,127,42,39
266,127,43,39
266,127,43,39
267,122,43,39
268,122,43,39
267,122,42,38
268,122,42,38
269,121,42,39
268,121,43,39
268,121,42,38
269,118,42,38
269,119,42,38
269,118,42,38
269,118,42,38
270,116,41,38
270,116,41,37
270,117,42,38
270,116,41,38
270,120,41,38
269,120,41,37
269,120,41,37
269,121,41,37
269,121,41,37
270,122,41,37
270,122,40,37
270,122,40,36
271,122,40,36
271,123,41,37
271,122,41,37
272,122,41,37
272,123,40,36
272,122,41,37
273,121,40,36
274,121,40,36
274,122,40,36
274,121,40,36
275,122,40,36
276,123,40,36
275,123,40,36
277,125,40,36
277,125,40,36
276,124,40,36
277,125,40,36
277,122,40,36
278,123,40,36
278,123,39,36
278,120,40,36
278,121,40,36
279,121,40,36
279,121,40,36
278,121,40,36
278,122,40,36
278,122,40,36
278,122,40,36
278,123,39,35
278,123,39,35
278,123,39,35
278,123,39,35
278,123,39,35
278,123,39,35
278,123,40,36
278,120,40,36
278,120,40,36
278,120,40,36
278,119,40,36
278,119,40,36
278,119,40,36
278,119,40,36
278,115,39,36
277,115,39,35
278,115,39,35
277,115,39,35
277,114,39,35
277,113,38,35
277,113,38,35
275,115,39,35
276,116,39,35
276,116,39,35
275,115,39,35
274,118,39,35
274,118,39,35
275,119,39,35
274,122,39,35
274,122,39,35
274,122,39,35
274,122,39,35
273,122,39,35
273,122,39,35
273,122,39,35
273,122,39,35
273,119,38,35
273,119,38,34
273,120,38,34
274,121,38,34
274,121,38,34
274,121,38,34
274,121,38,34
275,117,38,34
275,117,37,34
275,117,37,34
275,119,38,34
274,118,38,34
275,119,38,34
274,118,38,35
274,119,38,35
274,120,38,34
274,120,38,34
274,120,38,34
275,120,38,34
274,120,38,34
275,120,38,34
274,119,38,35
274,119,38,35
274,119,38,34
274,119,38,34
275,119,38,34
274,119,38,34
275,119,38,34
274,120,38,34
274,120,38,34
274,120,38,34
274,120,38,34
274,118,38,34
274,118,38,34
274,118,37,33
274,118,38,34
273,122,37,34
273,122,37,33
273,122,38,34
273,124,37,33
272,123,37,33
273,124,37,33
272,123,37,33
273,119,37,33
273,119,37,33
273,119,37,33
273,120,36,33
273,121,37,33
272,120,37,33
272,120,37,33
272,117,37,33
272,117,37,33
272,117,37,33
272,117,37,33
271,124,37,33
271,124,37,33
271,124,37,33
270,127,37,33
269,127,37,33
270,127,37,33
269,127,37,33
270,129,37,33
270,129,37,33
270,128,37,33
271,125,37,33
272,126,37,33
271,125,37,33
271,125,37,33
273,121,36,33
273,122,36,32
273,121,36,32
273,122,36,32
273,123,36,32
273,123,36,33
273,123,36,32
273,127,36,32
273,127,36,32
273,127,36,32
273,127,36,32
272,126,36,32
272,126,36,32
271,125,36,32
270,126,36,32
270,126,36,32
270,126,36,32
270,126,36,32
269,127,36,32
268,126,36,32
269,127,36,32
268,126,36,32
268,127,36,32
267,126,36,32
267,127,35,32
267,127,35,31
267,128,35,32
267,127,35,31
267,128,35,31
268,127,35,31
268,127,35,31
268,127,35,31
269,123,35,32
269,123,35,32
268,123,35,32
268,123,35,32
269,123,36,32
269,123,36,32
269,123,36,32
269,123,36,32
269,124,36,32
269,124,36,32
269,125,36,32
268,124,36,32
268,124,36,32
269,125,36,32
268,124,36,32
268,127,36,32
268,127,36,32
268,127,36,32
269,123,36,32
270,124,36,32
269,123,36,32
270,124,36,32
271,119,36,32
272,120,36,32
272,120,36,32
272,120,35,32
274,120,35,32
274,120,35,31
275,120,35,31
276,122,35,32
276,122,34,31
277,123,35,32
277,123,35,32
280,122,35,32
277,124,35,32
278,124,35,32
280,127,35,32
279,126,36,33
280,126,36,33
279,126,35,32
281,130,35,32
281,130,36,33
282,131,35,32
282,131,35,32
283,131,35,32
284,131,35,32
284,132,34,31
287,130,35,32
287,130,35,32
286,129,35,32
286,129,35,32
288,130,35,32
289,130,35,32
289,130,35,32
290,129,35,32
291,129,35,32
291,129,35,32
291,129,35,32
293,123,35,32
293,123,36,32
293,123,36,32
293,123,36,32
295,119,35,32
295,119,35,32
296,120,35,32
296,120,35,32
296,120,35,32
296,120,35,32
296,120,35,32
297,127,35,32
297,128,35,32
297,127,35,32
297,128,36,33
297,128,37,34
297,128,37,34
297,128,36,33
298,129,36,33
298,129,36,33
298,130,36,33
299,130,36,32
299,129,36,33
298,129,36,33
298,129,36,33
298,131,36,33
298,131,36,33
298,131,36,33
298,131,36,33
297,131,36,33
297,131,36,33
297,131,36,33
296,126,36,33
296,126,37,34
296,126,37,33
296,126,37,34
295,121,36,33
295,121,36,33
296,121,37,34
295,121,36,33
293,123,36,33
293,123,37,34
293,123,36,33
293,123,37,34
291,124,37,34
292,124,37,33
292,125,36,33
291,125,36,33
291,125,36,33
291,125,36,33
290,125,37,33
291,125,37,34
291,125,37,34
290,125,36,33
291,125,37,33
291,125,37,33
291,125,37,33
291,125,36,33
292,125,37,33
292,125,37,34
292,124,37,34
294,126,37,34
293,125,37,34
293,125,37,34
293,125,37,33
296,125,37,33
296,125,37,34
296,125,38,34
297,126,37,34
297,125,37,34
297,125,37,34
297,126,37,34
298,125,37,34
299,125,37,34
299,125,37,34
299,125,37,34
299,127,37,34
299,126,38,34
299,127,37,34
300,127,37,34
300,127,38,34
300,127,38,34
300,127,38,34
301,125,37,34
301,125,37,34
301,125,37,34
302,128,37,34
302,127,37,34
302,127,37,34
302,127,37,34
302,124,37,34
303,125,37,34
302,123,39,35
302,123,39,35
303,123,38,34
303,123,38,34
303,123,38,34
303,122,39,35
303,122,38,34
303,122,38,35
303,122,39,35
303,122,39,35
303,122,39,35
302,122,40,36
303,122,40,36
303,122,40,36
303,122,40,36
303,122,40,36
304,121,40,36
304,121,40,36
304,121,40,36
304,121,40,35
305,123,39,35
305,123,40,36
304,123,40,36
304,127,40,36
304,127,40,36
304,127,40,36
305,127,40,36
305,127,41,36
304,127,41,37
304,127,41,36
305,124,41,36
305,124,40,36
306,124,40,36
306,125,40,36
307,123,39,35
306,123,40,36
307,123,40,35
306,122,40,36
306,124,40,36
307,124,39,36
307,124,39,36
306,122,39,36
306,122,39,36
306,121,39,36
306,121,39,36
305,124,39,36
304,124,40,37
304,124,40,37
302,124,39,36
301,124,40,37
302,124,40,37
302,124,40,37
298,123,39,36
299,122,39,36
299,122,39,36
299,122,39,36
297,124,39,36
297,124,39,36
297,124,39,36
297,124,39,36
297,124,39,36
297,125,39,36
297,124,38,35
296,127,38,35
296,127,38,35
296,127,38,35
295,125,39,36
295,125,39,36
295,125,39,36
295,125,39,36
294,125,39,36
294,124,39,36
294,125,39,36
293,124,39,36
293,123,39,36
293,123,39,36
293,123,39,36
292,125,39,36
292,125,39,36
292,125,39,36
293,126,39,36
292,125,39,36
291,124,40,37
291,125,40,37
290,124,39,36
289,124,39,36
290,125,40,37
289,124,40,36
288,122,40,37
288,122,40,37
288,122,39,36
288,122,40,36
288,121,40,37
288,122,40,37
288,121,40,37
287,122,40,37
287,122,40,37
287,122,40,37
287,122,40,37
287,123,40,37
287,123,40,37
287,123,40,37
287,118,40,37
288,118,40,37
288,118,39,36
288,118,40,37
288,119,40,37
288,119,40,37
287,119,40,37
288,119,40,37
288,120,40,37
288,119,40,37
288,120,40,37
288,119,40,37
288,119,40,37
288,119,40,37
288,119,40,37
288,120,40,37
287,120,40,37
287,120,40,37
287,123,40,37
287,123,40,37
286,123,41,37
287,123,41,37
286,122,40,37
286,122,40,37
287,122,40,37
286,122,40,37
286,120,41,38
286,120,41,38
287,121,41,38
287,121,41,37
287,121,41,38
287,121,41,38
287,121,41,38
287,121,41,38
287,121,41,38
287,121,41,38
288,119,42,39
288,118,42,39
288,118,41,38
288,119,42,39
288,118,42,39
288,118,42,39
288,118,42,39
288,118,42,39
287,116,42,39
287,116,42,39
287,116,42,39
286,119,42,39
287,120,42,39
286,120,41,38
286,120,41,38
287,114,42,39
287,114,42,38
287,114,42,39
288,113,41,38
288,114,42,39
288,113,42,38
288,113,42,39
287,120,42,39
287,120,41,38
287,120,41,38
288,121,41,38
287,122,42,39
286,122,42,39
286,122,42,39
287,119,42,39
286,119,42,39
286,119,42,39
286,119,42,39
286,120,42,39
286,119,42,39
286,119,42,39
284,118,43,39
284,118,43,40
285,118,43,40
285,118,43,40
284,117,43,40
283,117,43,40
283,117,43,40
284,117,43,40
283,119,43,40
282,119,43,40
283,119,43,40
282,117,44,41
282,117,44,40
282,117,44,40
282,117,44,40
280,121,44,41
280,121,44,41
280,121,44,41
279,120,44,41
279,120,44,41
279,121,44,41
279,121,44,41
278,121,45,41
277,121,44,41
277,121,44,41
277,121,44,41
276,119,44,41
275,119,44,41
276,119,44,41
274,118,44,41
274,118,45,41
273,118,45,41
273,117,45,41
272,114,45,41
273,114,45,42
272,114,45,42
271,113,45,41
271,114,45,42
271,114,46,42
270,113,45,42
270,112,46,42
269,112,46,42
269,112,46,42
269,112,46,42
267,116,46,42
267,116,46,42
268,116,46,42
266,117,46,43
265,117,46,43
265,116,46,43
265,116,46,43
264,116,47,43
264,116,47,43
264,116,47,43
264,114,47,43
264,114,47,43
264,114,47,44
264,114,48,44
265,112,47,44
264,112,47,44
265,113,47,44
266,114,46,43
266,116,46,43
266,115,48,45
265,115,49,46
266,120,48,45
266,120,48,45
266,120,48,45
266,120,48,45
266,119,48,45
266,119,48,45
267,119,47,44
267,109,48,45
267,108,48,45
267,109,48,45
267,108,48,45
267,106,48,45
267,106,49,46
266,105,50,45
267,105,48,44
264,112,49,44
264,112,50,46
264,111,50,47
260,115,50,47
260,115,50,47
260,115,50,47
260,115,50,47
258,114,51,48
257,113,51,48
257,113,52,49
253,122,51,48
253,122,51,48
253,122,51,48
253,122,51,48
251,124,51,48
251,124,52,49
250,123,52,49
251,122,52,49
250,121,53,50
249,120,55,52
250,121,53,50
250,117,53,50
250,117,53,50
250,118,53,49
251,118,52,49
250,118,52,49
251,118,51,48
251,118,51,48
249,114,52,49
248,113,54,51
246,113,54,51
246,113,53,50
244,114,54,51
244,115,54,50
244,115,54,50
244,115,54,50
243,118,54,50
242,117,54,50
242,116,55,51
241,114,55,51
242,115,54,50
241,114,54,50
242,114,53,50
241,112,54,50
241,112,54,50
240,111,54,50
240,111,54,50
239,110,54,50
239,110,55,51
239,110,55,51
237,110,56,51
237,109,56,52
236,109,56,52
237,110,56,52
236,111,56,52
236,111,57,52
236,111,57,53
236,111,57,52
237,112,57,52
237,112,57,52
237,112,57,52
238,115,57,53
238,115,57,53
238,115,57,53
240,111,58,53
240,111,59,55
240,111,58,54
240,111,58,53
245,104,58,54
244,103,59,55
245,103,59,55
245,103,59,55
249,103,59,54
249,103,59,54
249,103,59,55
252,107,61,56
252,106,61,56
252,106,61,56
252,106,61,56
254,112,61,56
254,113,61,57
254,112,62,57
256,116,62,57
256,116,62,58
256,115,63,58
256,115,63,59
257,114,63,59
258,114,63,59
258,114,64,59
257,114,64,59
259,112,64,59
259,112,64,59
260,112,64,60
262,110,64,60
262,111,65,60
261,110,65,60
262,111,67,60
266,108,70,59
266,108,69,59
266,108,69,59
269,110,70,59
269,110,70,60
270,110,70,59
269,110,71,60
273,112,73,61
274,113,72,60
273,112,72,60
273,112,73,61
278,110,74,62
278,110,74,62
278,110,74,62
285,109,79,63
285,109,79,63
285,109,79,63
284,108,79,63
293,106,78,63
292,106,80,64
292,105,81,65
300,105,82,65
299,105,82,66
300,105,82,65
299,105,82,65
307,104,83,66
307,103,83,66
307,103,83,66
306,102,84,67
313,102,85,68
314,102,86,69
314,102,87,70
319,102,88,70
318,102,88,71
318,102,89,71
318,102,88,71
323,97,90,72
323,97,90,72
323,98,90,72
328,99,91,73
328,99,91,73
328,99,91,73
328,99,93,73
333,99,94,74
332,98,95,74
333,99,94,74
333,98,95,74
339,98,95,75
338,98,96,75
338,98,96,75
344,96,97,76
343,95,100,74
343,95,100,74
342,95,100,74
346,102,100,74
345,101,101,74
346,102,101,75
349,104,102,76
349,104,102,76
349,104,102,76
348,103,103,76
351,102,104,77
351,102,104,77
351,102,105,78
351,102,104,77
354,102,105,78
354,101,106,78
354,102,105,78
355,99,106,78
356,99,107,79
356,99,107,79
356,99,107,79
358,96,108,80
358,95,108,80
358,96,108,80
362,93,110,81
361,92,111,82
362,92,109,81
362,92,109,81
366,92,112,83
366,92,112,83
366,92,112,83
366,92,112,83
370,92,113,84
370,92,113,84
370,91,113,84
375,93,114,84
374,93,114,85
374,93,114,85
375,93,115,85
379,95,116,86
379,95,117,86
379,95,117,86
385,95,118,87
384,95,117,87
385,95,114,87
385,95,114,87
391,93,115,88
390,92,115,88
390,92,115,88
391,93,113,86
397,88,117,89
396,88,116,89
396,88,116,88
401,90,119,91
400,89,119,91
400,89,119,91
398,89,119,91
403,91,117,90
403,91,117,90
403,91,117,90
406,92,119,91
405,92,117,90
405,92,118,91
406,92,119,91
409,97,120,92
408,97,120,92
408,97,120,92
409,97,118,93
412,100,119,94
411,100,119,94
411,100,121,95
414,99,123,97
414,98,123,97
413,97,123,97
413,98,123,97
414,96,125,98
414,97,125,98
414,97,125,98
415,99,125,98
414,99,127,99
413,99,126,99
413,99,128,100
416,102,125,103
414,102,130,102
413,101,130,102
414,101,131,102
416,95,131,106
417,95,130,107
417,94,130,107
419,92,128,109
418,91,129,109
418,93,129,110
418,91,129,111
419,93,128,113
418,93,129,113
418,93,129,113
419,100,128,114
420,100,127,115
420,100,127,114
421,101,126,114
425,109,122,115
425,109,122,117
427,108,120,118
423,107,124,119
434,103,113,124
433,99,114,126
432,99,115,126
442,100,105,129
443,99,104,130
445,98,102,131
447,99,100,131
