460,102,72,63
460,102,72,63
437,107,72,63
438,107,72,63
437,107,72,63
417,106,70,62
417,107,68,59
417,107,67,61
418,107,68,61
396,111,65,61
396,110,65,61
397,111,66,60
397,111,66,60
378,108,66,60
378,108,65,59
377,107,65,59
360,98,63,58
359,98,63,58
359,98,64,58
360,99,63,57
338,106,63,57
338,105,63,58
337,105,64,58
316,118,63,57
317,119,61,55
317,118,62,56
318,119,61,55
303,97,60,55
303,97,60,54
303,97,59,54
303,98,59,54
291,94,59,54
290,93,59,54
291,94,59,53
278,115,59,54
278,114,60,54
278,115,59,54
278,114,59,53
271,119,58,53
271,119,58,53
271,119,58,52
267,116,57,52
267,116,57,52
267,116,57,52
267,116,57,52
263,112,57,52
263,112,57,52
263,112,57,52
263,111,57,52
260,118,57,52
259,118,57,52
259,117,57,52
258,117,57,52
259,118,57,51
259,118,56,51
259,118,56,51
259,126,56,51
258,125,56,51
258,126,56,51
260,129,56,51
261,128,56,51
261,129,56,51
261,129,56,51
264,134,56,50
263,134,56,51
264,134,56,51
264,134,55,50
269,131,55,50
270,131,55,50
270,132,54,49
276,132,54,49
277,133,54,49
277,132,54,49
277,133,54,49
282,145,56,49
283,145,56,49
283,145,56,49
287,147,56,49
287,147,56,49
288,147,56,49
287,147,57,49
294,142,58,49
294,142,58,49
294,142,58,49
294,142,58,49
300,143,58,49
300,143,59,49
300,143,59,50
309,142,58,49
310,142,58,47
309,141,59,48
309,141,60,49
317,142,59,48
318,142,59,47
317,141,60,48
326,139,60,49
327,140,59,48
327,140,58,47
327,140,58,47
334,139,60,48
335,140,60,46
335,140,60,46
335,140,60,46
344,139,60,46
344,139,60,46
344,138,61,47
354,138,61,47
354,139,61,47
354,139,61,47
353,138,61,47
362,141,62,47
363,141,62,47
363,141,62,47
369,136,64,48
369,136,64,48
369,136,64,48
369,136,64,48
374,134,64,49
376,135,61,48
376,135,61,48
376,135,62,48
379,134,63,49
378,134,64,46
378,134,64,46
384,128,64,45
384,129,64,45
384,128,63,45
385,129,63,45
390,117,64,46
390,117,64,46
390,116,64,46
397,115,64,46
397,115,64,46
397,115,64,46
397,115,64,46
403,115,64,46
403,115,64,46
403,115,64,46
403,115,64,45
410,113,64,46
411,114,63,45
411,113,63,45
420,110,63,45
420,110,63,45
420,110,63,45
421,111,63,45
430,112,62,45
430,112,62,44
431,112,61,44
439,115,62,44
439,115,62,44
439,115,62,45
439,115,62,44
448,116,62,44
448,116,62,44
448,115,62,44
447,115,62,45
454,115,63,45
453,114,63,45
453,115,62,44
459,111,61,44
459,111,62,44
459,111,61,44
460,112,60,43
464,113,60,43
464,113,60,43
464,113,60,43
469,116,60,43
468,116,61,44
467,115,62,45
467,115,62,44
473,115,61,44
473,115,61,44
473,116,61,44
473,116,61,44
480,116,60,43
481,115,58,44
481,115,58,44
487,116,57,43
487,116,57,44
486,116,58,44
486,115,58,44
492,114,55,43
492,114,55,43
492,114,55,43
499,111,48,43
499,111,48,43
498,110,49,44
498,111,49,43
503,109,44,43
502,109,43,43
503,109,44,43
503,109,44,43
508,108,39,43
508,109,39,43
508,109,39,43
513,104,34,42
515,105,32,41
514,105,33,41
515,105,32,40
517,101,30,41
520,101,27,41
516,101,31,42
516,98,31,41
516,98,31,42
516,99,31,40
516,100,31,40
514,96,33,39
514,97,33,39
514,97,33,39
514,96,33,39
509,96,36,39
508,96,39,39
508,96,39,39
504,93,43,39
504,93,43,39
506,92,41,39
506,93,41,40
502,95,45,39
502,95,45,39
502,96,45,39
499,98,45,39
499,98,45,39
498,97,45,39
499,98,45,39
497,99,44,39
497,99,44,39
497,99,44,39
497,99,44,39
494,101,44,39
493,101,44,38
494,101,43,38
492,100,43,38
491,100,43,38
491,100,43,38
491,100,44,38
487,99,43,38
488,99,44,38
488,99,43,38
482,101,44,39
482,101,44,39
482,102,44,39
482,102,45,39
478,102,44,39
478,102,44,39
478,103,44,38
478,103,44,38
473,104,43,38
473,104,43,38
473,104,42,37
469,104,42,37
468,103,43,37
468,103,43,37
469,104,42,37
464,103,41,36
464,103,41,36
464,103,41,36
459,102,41,36
460,102,40,35
460,102,40,35
460,102,40,35
454,103,40,35
454,103,40,35
454,102,40,35
454,103,40,35
447,105,39,34
447,105,39,34
448,106,39,34
440,108,39,34
439,108,39,34
440,107,38,34
440,108,39,34
432,111,38,33
432,111,38,33
432,111,38,33
426,114,38,33
426,114,38,33
426,114,38,33
425,114,38,33
417,117,38,35
418,117,38,35
417,117,38,34
417,117,37,34
411,120,37,34
411,120,37,34
411,121,37,34
405,124,37,34
406,125,37,34
406,125,37,33
405,124,37,34
400,116,37,34
400,117,36,33
400,117,37,33
392,122,36,33
393,122,36,33
393,122,36,33
392,122,36,33
384,130,36,33
384,130,36,33
384,130,36,33
384,130,36,33
377,128,36,33
377,127,36,32
377,128,35,32
369,128,35,32
369,128,35,31
369,128,35,31
369,128,36,31
363,124,35,31
363,124,35,31
363,124,35,31
356,127,36,32
356,128,36,32
357,128,36,32
356,128,36,32
350,129,35,31
350,129,36,32
350,129,36,32
351,129,35,31
344,131,35,31
344,131,35,31
344,131,35,31
336,128,35,31
336,128,35,31
337,129,35,31
337,129,35,31
329,127,34,30
329,128,34,30
329,127,34,30
321,128,34,30
321,129,34,30
321,129,34,30
321,129,34,30
313,131,34,30
313,131,34,30
313,131,34,30
313,131,34,30
305,134,34,30
305,135,34,30
305,134,34,30
299,131,34,30
299,131,34,30
300,130,32,30
300,130,32,30
295,131,32,30
295,132,32,30
294,131,32,30
290,136,32,30
290,136,32,30
290,136,32,30
289,135,32,30
285,136,32,30
285,136,32,30
285,136,32,30
286,136,32,30
282,133,32,30
282,133,32,30
282,133,32,30
279,131,32,30
280,131,29,30
280,131,29,30
280,131,29,30
279,128,29,30
279,128,29,30
279,127,29,30
278,130,29,30
278,131,29,27
278,131,29,27
278,131,29,27
278,133,28,26
278,133,28,26
279,133,28,26
279,133,28,26
277,137,28,26
277,137,28,26
277,137,28,26
273,133,29,27
273,133,29,27
274,133,29,27
273,133,29,27
270,132,29,27
270,131,29,27
270,131,29,27
267,135,29,27
267,135,29,27
267,135,29,27
267,135,29,27
266,135,29,27
266,135,29,27
267,135,29,27
267,135,29,27
267,136,29,27
267,136,29,27
267,137,29,27
268,139,29,27
268,138,29,27
268,138,29,27
268,139,29,27
269,134,29,27
269,134,29,27
269,134,29,27
269,135,29,27
269,134,29,27
269,134,29,27
269,134,29,27
268,132,29,27
268,132,29,27
268,132,29,27
268,132,29,27
267,130,29,27
267,130,29,27
267,130,29,27
266,126,29,27
266,126,29,27
266,126,29,27
266,126,29,27
265,129,29,27
265,130,29,27
265,130,29,27
263,130,29,27
263,130,29,27
263,130,29,27
263,130,29,27
261,131,29,27
261,131,29,27
261,131,29,27
261,131,29,27
259,131,29,27
259,131,29,27
259,131,29,27
259,129,29,27
259,129,29,27
258,129,29,27
258,129,29,27
257,136,29,27
256,136,30,28
257,136,30,28
256,131,30,28
256,131,30,28
256,131,30,28
256,131,30,28
255,130,30,28
254,129,30,28
254,129,30,28
254,129,30,28
254,126,30,28
254,127,30,28
254,127,30,28
253,127,30,28
252,127,30,28
252,127,30,28
252,127,30,28
251,128,30,28
251,127,30,28
251,128,30,28
250,127,30,28
250,127,30,28
250,127,30,28
250,127,30,28
250,126,30,28
250,126,30,28
250,126,30,28
250,126,30,28
250,127,30,28
250,127,30,28
250,128,30,28
250,124,31,28
250,124,31,28
250,124,30,27
250,124,31,28
249,125,31,28
249,124,31,28
249,125,31,28
249,131,31,28
247,129,32,29
247,129,32,29
247,128,32,29
247,124,31,28
247,124,32,29
247,124,31,28
247,124,31,28
247,123,32,29
247,123,32,29
247,123,32,29
247,123,32,29
247,123,32,29
246,122,32,29
247,123,32,29
247,123,32,29
247,124,33,29
247,124,33,30
247,120,33,30
247,120,33,30
247,120,33,30
247,120,33,30
247,121,33,30
246,121,33,30
246,121,33,30
245,121,34,32
244,121,34,32
244,122,34,32
244,121,35,33
242,117,35,33
241,116,36,34
242,117,35,33
242,117,35,33
239,116,35,33
239,116,35,33
238,116,37,32
235,118,38,32
235,118,38,33
235,118,38,33
235,118,38,33
232,117,39,34
232,117,39,34
232,118,39,34
232,118,39,34
229,115,39,34
230,115,39,33
230,115,38,33
227,114,38,33
226,113,39,34
227,113,39,34
227,113,39,34
223,112,39,34
223,112,40,34
223,112,40,34
219,114,40,35
219,114,40,35
217,114,40,34
217,114,40,34
212,115,40,34
211,115,41,34
211,114,42,35
211,114,42,35
206,114,41,35
205,114,42,36
206,115,41,35
200,114,41,35
200,115,41,35
200,114,41,35
200,114,41,35
195,113,41,35
194,112,41,35
194,112,41,35
190,107,41,35
189,106,43,36
188,106,43,37
189,107,42,36
186,106,43,36
185,105,43,36
185,105,43,37
185,106,43,36
181,104,43,37
180,104,43,37
181,104,43,37
178,103,43,37
177,102,43,37
177,103,43,37
177,103,43,37
174,101,43,37
173,101,43,37
173,101,44,37
169,103,44,37
169,102,44,37
169,102,44,37
169,102,44,37
165,101,44,37
164,101,44,38
164,100,45,38
164,100,45,38
160,102,44,38
160,102,45,38
159,101,45,38
155,101,46,39
155,101,46,39
154,101,46,39
155,101,46,39
151,103,46,39
151,103,46,39
151,103,46,39
148,102,46,39
147,102,47,40
146,101,48,41
146,101,48,41
146,101,48,40
146,100,47,40
146,101,47,40
146,101,47,40
145,99,48,41
145,99,48,41
145,99,47,40
144,100,48,41
143,100,48,41
143,100,48,40
143,100,48,40
143,99,48,40
142,98,48,41
143,99,48,40
143,98,48,41
143,98,49,41
143,97,49,42
143,98,48,41
145,101,48,41
144,101,49,41
144,101,49,41
144,101,49,41
144,100,49,41
145,100,49,41
145,100,49,41
145,97,49,42
144,97,49,42
144,97,49,42
145,98,49,42
144,98,49,42
144,98,49,42
143,97,50,42
143,95,50,42
143,95,50,42
143,95,50,42
144,95,50,42
145,100,50,43
144,100,50,43
144,99,50,43
144,99,50,43
144,100,51,43
145,101,50,43
146,101,50,42
148,91,50,42
148,91,50,42
148,91,50,42
148,91,50,42
148,92,51,43
148,92,51,44
148,92,51,44
149,95,51,43
149,95,51,44
149,95,51,43
149,95,51,43
148,96,52,44
148,96,52,44
148,97,52,44
148,97,51,44
147,96,51,44
147,95,52,44
146,95,52,44
146,96,52,44
146,96,52,44
146,96,52,44
146,96,52,44
145,94,52,44
145,93,53,45
145,94,52,44
145,92,53,45
145,92,53,45
145,92,53,45
145,92,53,45
146,91,53,45
146,91,53,45
145,90,53,45
145,90,54,45
148,91,54,45
149,91,54,45
149,91,54,45
151,91,54,45
151,91,55,46
151,91,55,46
151,91,56,47
153,93,55,46
153,93,55,46
153,93,55,46
155,88,56,46
155,88,56,47
155,89,56,47
155,89,56,47
157,88,56,47
157,88,56,47
157,88,57,47
157,88,56,47
157,92,57,47
157,92,57,47
157,92,57,47
158,90,57,48
158,90,57,48
157,90,57,48
158,90,58,48
159,94,58,48
159,94,58,48
158,93,58,49
159,93,59,49
159,93,59,49
159,94,59,49
159,93,59,49
161,99,59,49
160,98,60,50
160,98,60,50
160,98,60,50
161,101,60,50
161,101,61,51
161,101,61,51
162,95,62,51
162,95,61,51
162,95,61,51
162,95,61,51
163,96,62,51
165,96,60,53
165,96,61,54
165,94,62,55
166,95,61,54
165,95,62,54
165,94,62,55
165,94,63,56
165,94,64,56
165,94,64,56
165,94,64,56
165,97,64,56
165,98,64,56
164,97,65,57
165,96,65,57
165,96,65,57
165,96,65,57
165,96,65,57
165,95,67,58
165,95,68,59
165,95,67,59
165,96,68,60
165,96,68,60
165,95,68,60
165,95,68,60
165,90,69,61
165,89,70,61
165,90,70,61
165,90,70,61
166,85,71,63
166,85,72,63
165,85,72,63
167,84,73,64
167,84,74,65
166,83,74,65
167,83,73,65
170,82,73,66
171,82,73,67
170,81,75,68
175,83,74,68
176,84,73,67
176,84,73,67
176,84,72,66
179,90,75,69
180,91,73,67
180,91,72,66
180,91,72,66
184,86,74,72
184,86,74,72
184,86,74,72
188,82,76,74
188,82,76,74
187,82,76,74
188,82,76,74
192,81,78,76
192,81,79,77
191,80,79,77
196,81,81,78
196,82,80,78
196,81,81,79
196,82,80,78
202,78,83,81
201,77,84,82
201,77,85,82
201,77,84,82
209,78,87,84
209,78,87,84
209,78,87,84
219,85,87,85
218,84,88,86
217,84,89,86
217,84,89,86
227,88,90,88
227,88,91,88
227,87,91,88
233,85,93,91
232,85,94,91
232,84,94,91
232,85,94,91
236,80,96,94
236,80,97,95
235,79,97,95
235,79,97,95
235,80,100,97
235,80,100,97
235,83,100,95
233,85,102,96
232,85,103,96
232,84,103,98
231,84,104,96
230,84,105,101
230,85,106,100
230,86,106,99
229,84,108,102
228,82,109,104
228,83,109,103
228,84,109,101
226,84,112,103
225,84,113,104
228,86,107,99
227,85,110,102
220,87,118,102
220,87,118,102
221,87,116,103
217,84,122,107
217,84,122,107
217,84,123,108
216,84,123,108
216,83,124,109
215,83,125,109
214,82,126,110
211,83,131,115
211,83,131,115
212,84,131,115
212,84,131,115
211,83,134,118
211,83,134,118
211,84,135,118
211,83,135,119
213,81,138,121
214,82,139,122
212,82,139,122
215,80,146,125
214,80,146,126
214,80,146,126
214,80,146,126
219,80,149,129
219,80,150,130
218,80,151,130
225,81,155,134
224,81,156,135
224,82,156,135
224,82,156,135
230,81,162,139
230,81,162,139
230,81,162,139
231,82,162,139
235,80,167,143
236,81,168,144
236,81,168,144
241,80,172,148
238,80,175,149
238,80,173,148
236,80,176,148
240,79,182,153
240,80,184,155
239,79,184,155
242,78,189,159
242,79,190,160
243,80,190,159
240,79,192,160
240,79,199,164
241,80,200,166
239,80,201,165
240,80,201,165
241,75,207,170
240,74,208,171
240,74,208,171
241,72,217,176
242,72,217,178
241,72,217,178
241,71,217,178
243,68,230,184
243,67,230,185
242,66,233,187
252,67,237,191
252,67,238,191
251,67,241,194
250,67,240,193
262,71,256,204
261,69,254,206
261,69,254,206
262,70,254,206
278,70,262,213
277,69,266,216
277,70,266,215
295,70,252,222
298,69,249,225
298,69,249,225
295,66,252,227
320,65,227,235
