299,134,52,44
299,134,52,44
297,136,52,44
297,136,52,44
297,136,52,44
297,137,52,44
295,132,52,44
295,132,52,44
295,132,52,44
295,132,52,44
293,132,52,44
293,133,52,44
293,133,51,43
291,131,52,44
292,131,51,43
291,131,52,44
292,131,51,43
290,129,50,43
290,128,51,43
290,129,51,43
288,130,51,43
288,130,51,43
287,129,51,43
288,130,51,43
286,122,51,43
286,122,51,43
286,122,51,43
286,122,51,43
284,127,51,43
284,127,51,43
283,127,51,43
284,128,51,43
283,127,51,43
283,127,51,43
283,127,51,43
284,121,50,43
284,121,51,43
284,121,50,43
284,118,51,43
285,118,50,42
285,119,50,42
285,119,50,42
285,116,49,42
284,115,50,43
284,115,50,43
284,115,50,43
283,111,51,43
284,112,51,43
283,112,51,43
285,102,51,43
284,102,51,43
284,101,51,43
284,102,51,43
285,103,51,43
285,103,51,43
286,103,51,43
288,93,51,43
288,94,51,43
288,94,51,43
288,93,51,43
287,105,51,43
288,105,51,43
287,105,51,43
288,105,51,43
289,101,51,43
289,102,51,43
289,101,51,44
291,93,52,44
291,93,51,43
291,93,51,43
291,93,51,43
291,103,51,43
291,103,51,43
291,103,51,43
293,92,51,43
292,92,51,43
292,92,51,43
293,92,51,43
293,84,51,43
294,84,51,43
293,83,52,44
293,83,52,44
295,84,52,44
295,84,52,44
294,84,52,44
296,95,52,44
296,95,52,44
296,95,52,44
296,95,52,44
296,102,52,44
295,102,52,44
295,102,52,44
294,105,52,44
294,105,52,44
294,106,52,44
294,105,51,44
293,97,51,43
293,97,51,43
293,97,51,43
293,98,51,43
291,100,51,43
291,100,52,44
291,100,51,44
289,102,52,44
289,102,52,44
290,103,52,44
289,102,52,44
289,100,52,44
289,100,52,44
288,100,52,44
288,98,52,44
289,98,52,44
289,98,52,44
289,98,52,44
289,99,52,44
289,98,52,44
289,99,52,44
289,99,52,44
289,100,52,44
288,99,52,44
289,99,52,44
288,105,53,44
287,104,53,45
287,104,53,45
288,104,53,45
287,103,53,45
287,103,53,45
287,103,53,45
285,107,53,45
286,107,53,45
285,108,53,44
285,108,53,44
284,105,53,44
284,105,53,45
284,105,53,45
284,105,53,45
283,110,53,45
283,110,53,45
282,109,54,46
278,135,55,47
279,136,53,45
280,137,53,45
280,137,53,45
280,135,53,45
280,134,53,45
280,134,53,45
280,141,53,45
279,141,53,45
280,141,53,45
280,141,53,45
281,134,54,46
282,134,54,46
282,134,54,46
282,135,54,46
287,123,54,46
287,123,54,46
286,123,55,47
293,114,55,46
293,114,55,46
293,113,54,46
293,114,54,46
297,122,54,46
297,122,54,46
297,122,54,46
300,139,54,46
300,139,54,46
300,139,54,46
300,139,54,46
302,147,54,45
302,147,53,45
302,147,53,45
302,147,53,45
302,146,53,45
303,147,53,45
303,147,52,44
303,146,52,44
302,145,52,44
302,145,52,44
302,145,52,44
300,146,52,44
301,147,52,44
301,147,52,44
299,157,52,44
298,156,52,45
298,156,53,45
298,156,53,45
298,161,52,44
297,161,52,44
297,161,52,44
298,162,51,43
296,166,51,43
296,166,51,43
296,165,51,44
292,172,52,44
293,172,52,44
293,172,52,44
293,172,52,44
290,178,52,44
290,178,52,44
290,178,52,44
287,179,52,44
287,179,52,44
287,179,52,44
287,179,52,44
284,178,52,44
284,177,52,44
284,178,52,44
284,177,52,44
281,184,52,44
281,184,52,44
281,184,52,44
281,183,52,44
280,182,53,45
280,182,53,45
280,182,53,45
280,175,53,45
280,175,53,45
280,175,53,45
280,169,53,45
280,168,53,45
280,169,53,45
280,169,53,45
280,164,52,45
280,164,53,45
280,164,53,45
280,164,53,45
280,163,53,45
280,163,53,45
280,163,53,45
277,165,52,44
278,166,52,44
278,166,52,44
277,166,52,44
274,166,52,44
275,167,52,44
274,166,52,44
271,162,52,44
272,162,52,44
272,162,52,44
271,162,52,44
267,162,52,43
267,162,52,43
267,162,52,43
266,162,52,43
265,161,52,43
265,161,51,42
264,160,52,43
262,158,52,43
262,158,52,44
262,158,52,43
261,158,53,44
259,157,53,44
257,156,55,44
257,157,55,44
255,154,54,44
256,155,54,43
256,155,54,43
255,154,55,44
252,153,54,44
253,153,54,44
253,153,54,43
252,153,55,44
250,153,55,44
250,153,55,44
250,153,56,44
247,152,56,45
248,153,56,44
247,152,56,45
248,153,56,44
245,152,56,45
244,151,56,45
244,151,56,45
243,145,56,45
243,145,56,45
243,145,56,45
243,145,56,45
242,143,56,45
242,143,56,45
242,143,56,45
242,143,56,45
241,145,56,45
240,145,56,45
240,145,57,45
239,146,58,46
239,146,58,46
239,146,58,46
239,146,58,46
237,139,58,46
236,139,58,46
236,139,58,46
232,137,58,47
232,138,58,47
231,137,59,47
232,137,59,47
226,136,59,47
225,135,60,48
226,135,59,48
226,135,60,48
219,135,60,48
216,133,60,48
216,133,60,48
210,128,60,48
210,128,60,48
210,128,61,48
210,128,61,49
202,128,61,48
202,128,61,49
202,128,61,49
195,116,61,49
196,116,60,48
196,117,60,48
196,117,60,48
187,114,61,49
187,114,61,49
187,113,61,49
186,113,62,50
181,111,61,49
179,111,61,49
179,111,60,49
173,106,61,49
173,106,61,49
173,106,61,49
173,106,61,49
167,105,61,49
167,105,62,49
167,105,62,50
163,98,62,50
163,98,61,49
163,98,62,49
163,98,62,49
159,95,62,50
159,95,62,50
159,95,63,50
159,95,62,50
158,98,62,50
158,97,62,50
158,98,62,50
157,98,62,50
157,98,63,50
157,98,63,51
156,97,63,51
158,90,63,51
158,90,63,51
158,90,63,51
160,87,63,51
159,86,64,51
160,86,63,51
160,86,63,51
160,92,63,51
160,92,63,51
160,92,63,51
160,92,63,51
159,98,64,51
158,98,64,51
159,98,64,51
157,96,63,51
157,96,64,51
158,96,63,51
157,96,63,51
156,90,63,51
155,90,63,51
155,90,64,51
153,94,64,51
153,94,63,51
152,94,64,51
153,94,63,51
152,86,63,51
152,86,63,51
152,86,66,51
152,86,66,51
152,84,66,51
152,84,66,51
153,85,65,50
149,88,66,51
149,88,67,51
149,88,66,51
149,88,67,51
146,88,67,52
146,88,67,52
145,87,68,52
144,87,67,52
144,87,67,52
143,87,68,53
144,87,68,53
144,89,67,52
144,89,67,52
144,89,67,52
146,90,66,51
147,91,66,51
147,91,67,52
148,91,67,52
149,86,67,51
150,86,66,51
150,87,65,50
151,87,66,51
153,83,65,50
153,83,65,50
154,83,65,50
157,87,65,50
157,87,67,51
156,86,67,51
154,87,67,51
157,82,66,51
157,82,67,51
157,82,68,52
157,82,68,52
159,89,68,52
159,89,68,52
159,89,68,52
161,91,69,52
161,91,68,52
161,91,68,52
161,91,68,52
164,95,68,52
165,95,68,52
165,95,68,52
169,92,67,51
168,92,67,51
168,92,67,51
168,92,67,51
173,91,67,52
174,90,66,53
174,91,65,52
174,90,65,52
179,92,65,52
179,92,65,55
179,92,65,55
184,99,65,55
184,99,65,55
184,99,66,55
184,99,65,55
190,101,66,56
190,102,66,56
190,101,66,56
197,101,66,56
196,101,66,56
197,102,66,55
196,101,67,56
202,102,66,56
202,102,66,56
202,102,66,56
202,102,66,56
207,104,67,56
207,104,67,56
207,104,67,56
212,104,67,57
213,101,68,59
213,101,67,58
213,101,68,59
218,97,67,58
217,97,68,59
217,97,69,59
221,98,69,60
220,98,68,59
220,98,69,59
221,98,69,60
223,100,70,61
223,99,70,60
223,99,71,61
223,99,71,62
228,99,71,61
227,99,71,62
227,99,71,62
231,97,72,63
231,97,72,63
231,97,72,63
231,96,73,63
236,98,73,64
236,99,73,64
236,98,73,64
240,98,74,64
241,98,74,65
241,98,74,65
241,98,74,65
244,100,75,66
244,100,75,66
244,100,75,66
244,100,75,66
245,101,77,67
245,101,77,67
245,101,77,67
246,102,78,68
246,102,78,68
246,102,78,69
246,103,78,68
246,102,79,70
246,102,79,70
246,100,79,70
246,98,80,71
245,97,81,72
245,97,81,72
245,97,81,72
245,95,82,73
245,94,83,74
245,94,83,74
244,93,84,74
244,92,85,75
244,92,85,75
244,92,85,75
245,92,86,76
244,91,87,77
244,91,87,77
243,91,88,78
244,97,90,79
245,97,90,79
245,97,90,79
249,98,91,81
249,99,91,81
249,98,92,81
249,97,93,82
255,94,93,82
255,93,93,83
254,93,94,83
254,93,94,83
260,85,94,83
260,85,94,83
260,85,94,83
263,82,96,85
263,82,97,85
263,82,97,86
262,81,97,86
263,82,98,87
264,81,99,87
264,81,100,87
263,82,101,89
263,82,102,90
263,82,102,90
263,82,102,90
263,82,103,91
263,81,104,92
263,81,105,92
263,81,105,92
262,81,106,93
262,81,107,94
261,80,108,95
261,81,109,96
260,80,110,97
260,80,111,97
261,80,111,97
260,79,112,99
260,79,114,100
259,78,115,101
259,77,116,102
260,78,117,103
259,77,117,103
258,76,119,104
260,76,121,106
260,77,121,106
260,76,121,107
261,77,120,106
264,80,123,108
262,78,124,109
262,80,127,108
262,82,130,111
262,82,131,111
263,83,131,111
262,82,131,111
260,81,134,114
260,81,135,115
260,82,135,114
254,84,137,117
254,84,138,117
252,82,139,119
253,83,139,118
241,83,144,122
241,82,144,121
241,82,144,121
241,82,144,121
232,82,148,125
232,82,149,125
233,82,149,125
227,82,152,128
226,81,152,128
225,80,153,129
225,80,153,129
221,77,157,133
220,77,158,133
221,76,158,133
218,75,165,138
218,75,165,138
218,75,165,138
218,75,165,138
218,75,168,141
218,75,169,141
218,74,169,142
218,74,170,142
221,75,174,146
221,75,174,146
221,75,174,146
224,75,178,149
223,72,179,150
223,72,179,150
223,72,179,150
225,71,183,154
226,73,183,153
226,72,184,154
225,71,189,158
225,70,189,159
226,71,190,159
226,71,190,159
224,71,194,163
222,70,196,164
223,70,196,164
223,71,196,164
218,70,197,165
212,68,204,165
212,68,204,165
202,66,209,169
200,66,207,168
199,65,210,170
200,65,211,171
189,64,213,172
189,65,214,173
187,63,216,174
179,63,220,178
178,63,223,180
179,64,222,179
177,63,223,180
175,62,226,183
175,60,228,184
174,59,229,185
174,60,228,184
175,60,234,189
175,59,237,192
174,58,236,191
176,59,239,194
175,57,241,195
174,55,245,198
174,57,245,195
176,57,249,198
177,58,251,200
175,56,252,201
178,54,258,206
177,53,259,206
176,53,259,206
179,54,259,206
180,54,263,210
180,54,264,210
178,52,265,211
180,54,266,211
181,55,268,214
179,53,270,215
180,54,270,215
180,53,273,218
179,52,275,219
177,51,275,219
177,50,275,219
177,48,278,221
178,48,279,222
178,47,278,221
179,46,280,223
178,45,281,223
178,45,281,223
177,43,281,223
177,42,281,224
177,42,281,224
177,42,281,224
177,42,281,224
177,42,282,225
178,43,283,225
176,42,283,225
174,46,285,227
175,48,284,226
177,49,284,226
177,50,284,226
177,55,284,226
175,56,284,226
174,55,284,226
175,61,284,226
175,62,284,226
173,61,284,226
173,61,284,226
173,61,284,226
176,64,283,225
174,63,282,225
175,64,282,225
177,63,283,226
175,62,283,225
175,61,283,226
175,59,284,226
175,59,284,226
177,61,282,225
177,61,282,225
178,61,283,225
178,61,283,225
178,60,283,225
177,60,283,225
178,60,283,225
178,60,283,225
178,60,282,225
178,60,283,225
178,60,283,225
177,60,283,225
177,60,283,225
178,60,283,225
178,60,282,225
178,60,282,224
175,59,284,226
175,58,284,226
175,58,284,226
175,57,284,226
175,58,284,226
177,59,283,225
175,58,284,226
175,58,284,226
175,58,284,226
175,58,284,226
175,58,284,226
175,58,284,226
175,58,283,226
175,58,284,226
175,58,284,226
175,58,284,226
175,58,284,226
175,58,284,226
175,58,284,226
175,58,284,226
174,58,284,226
174,58,284,226
174,58,284,226
174,58,284,226
174,58,284,226
174,58,284,226
174,58,284,226
174,58,284,226
174,58,284,226
174,58,284,226
174,58,284,226
174,58,284,226
174,58,284,226
174,58,284,226
174,58,284,226
174,58,284,226
174,58,284,226
174,58,284,226
176,59,284,226
177,61,282,224
177,61,283,225
177,61,282,224
177,61,282,225
177,61,282,225
177,61,282,224
177,61,283,225
177,61,282,225
177,61,282,225
177,61,282,224
176,60,282,225
177,60,282,225
177,61,282,225
177,61,282,225
177,61,282,224
177,61,283,225
177,61,282,225
177,61,282,225
177,61,282,224
177,61,282,224
177,61,282,225
177,61,282,225
177,61,282,225
177,61,282,225
177,61,282,224
177,61,282,225
177,61,282,225
177,61,282,225
177,61,282,225
177,62,282,225
177,62,282,224
177,62,282,225
177,62,282,224
177,62,282,225
177,62,282,225
177,62,282,225
177,62,282,225
177,62,282,224
177,62,282,225
177,62,282,225
177,62,282,225
177,62,282,224
177,62,282,224
177,62,282,225
177,62,282,225
177,62,282,225
177,62,282,224
177,62,282,225
177,62,282,224
177,62,282,225
177,62,282,225
177,63,282,224
177,62,282,225
177,62,282,225
177,62,282,225
177,62,282,225
177,62,282,224
177,63,282,224
177,63,282,224
177,62,282,225
177,62,282,225
177,62,282,225
176,63,282,225
176,63,282,225
176,63,282,225
176,63,282,225
176,63,283,226
174,61,284,226
174,61,284,226
174,61,284,226
175,62,284,226
176,63,283,226
174,61,284,226
176,63,283,225
176,64,283,225
176,64,283,225
175,63,284,226
176,63,283,225
176,63,283,225
174,61,284,226
176,63,283,225
175,63,283,226
174,61,284,226
176,63,283,225
175,63,283,226
174,62,284,226
176,63,284,226
173,61,284,226
175,63,284,226
173,62,284,226
175,63,284,226
173,61,284,226
173,61,284,226
173,61,284,226
173,61,284,226
173,61,284,226
173,61,284,226
173,61,284,226
173,61,284,226
173,61,284,226
173,61,284,226
173,61,284,226
173,61,284,226
173,61,284,226
173,61,284,226
173,61,284,226
171,60,283,226
169,57,289,230
173,60,284,226
173,60,284,226
173,61,284,226
173,60,284,226
173,61,284,226
173,60,284,226
173,61,284,226
173,60,284,226
173,60,284,226
169,58,288,229
169,57,288,229
169,56,289,230
169,56,289,230
173,59,285,227
169,57,288,230
169,56,289,230
173,59,285,227
169,57,289,230
173,60,285,227
174,60,284,226
174,60,284,226
174,61,284,226
172,60,284,226
170,58,287,228
174,61,282,224
174,61,283,225
175,61,282,225
174,61,283,225
174,61,282,225
174,61,282,225
175,62,281,224
176,60,279,225
175,61,281,224
177,60,278,224
177,59,278,225
176,61,280,223
176,61,280,223
177,61,278,221
177,61,278,221
176,61,278,221
178,61,276,220
178,61,275,219
176,59,277,221
175,58,278,221
178,62,273,218
181,62,268,217
181,59,270,219
180,60,271,219
183,60,265,218
182,61,264,216
182,61,265,215
184,61,261,214
184,63,262,212
184,61,261,213
185,62,259,212
187,60,256,212
187,60,256,212
186,59,254,212
188,60,250,209
189,62,250,208
189,62,250,208
189,62,250,208
190,66,247,201
191,66,246,200
191,67,249,202
190,66,248,202
194,68,244,199
194,68,244,199
195,68,235,198
197,69,231,194
195,66,231,195
197,68,230,194
196,72,231,190
198,72,228,187
200,74,225,185
201,75,225,185
202,75,219,180
202,75,218,180
202,75,218,179
203,77,217,179
207,78,211,174
207,80,209,172
205,78,211,174
208,77,205,172
211,78,200,168
211,79,198,166
211,79,198,166
211,78,194,163
211,79,193,162
212,79,193,162
211,79,193,162
215,81,188,158
215,81,186,156
216,82,185,155
217,82,182,152
220,85,177,148
220,86,177,148
220,86,177,148
222,88,172,145
222,90,172,144
221,88,172,144
222,89,172,144
225,93,167,140
225,94,167,140
224,93,166,139
227,99,163,136
226,98,163,136
226,98,163,137
226,98,162,136
229,103,158,132
228,103,158,132
228,103,157,132
230,106,154,129
230,107,154,129
231,107,154,129
231,107,154,129
232,108,152,128
234,109,151,127
233,109,151,127
235,110,149,125
237,111,148,124
238,112,146,123
237,112,147,123
242,114,145,121
244,116,143,120
242,115,143,120
242,115,144,121
249,117,143,120
250,118,141,119
250,118,141,118
257,118,140,118
259,120,138,116
258,120,139,116
258,120,139,116
265,120,138,115
266,121,137,115
266,121,136,114
266,121,137,115
269,122,136,114
269,122,136,114
269,123,135,114
269,123,135,113
268,122,135,113
267,121,136,114
269,122,135,114
268,124,133,112
268,124,133,112
268,125,133,112
267,124,133,111
267,124,133,112
269,126,132,110
267,125,132,111
268,125,132,111
268,125,132,111
268,125,132,111
267,125,133,112
266,125,133,111
268,128,130,109
269,128,129,108
266,128,131,110
266,128,131,110
266,128,131,110
265,128,131,110
264,126,131,110
265,127,130,109
265,127,130,109
263,125,130,109
264,125,129,108
264,126,129,108
264,126,129,109
261,125,131,110
260,124,131,110
260,124,131,110
261,124,131,110
258,123,131,110
257,123,131,110
258,123,131,110
258,122,130,109
256,121,131,110
257,122,131,110
256,121,131,110
256,115,132,111
256,115,133,112
257,115,133,111
257,114,134,112
258,114,134,112
257,114,134,112
256,113,135,113
257,113,136,114
257,113,136,114
258,114,136,114
257,113,136,114
257,111,137,115
257,112,137,115
257,112,137,115
255,109,137,115
253,107,138,116
253,107,138,116
253,107,138,116
249,106,139,116
249,106,139,116
248,105,139,117
244,104,140,118
243,103,141,118
243,103,142,119
244,104,141,118
241,103,142,119
242,104,142,119
241,103,142,119
241,103,142,119
239,103,145,122
240,104,144,121
240,103,144,121
239,102,145,121
240,102,145,121
240,103,144,121
239,102,145,122
241,101,145,122
241,100,145,122
240,99,146,123
241,98,148,124
242,99,147,123
242,99,147,123
242,100,147,123
244,98,147,123
245,98,146,123
243,97,148,124
244,97,148,124
245,97,148,124
246,97,147,123
246,97,147,123
247,96,147,124
246,94,148,124
245,94,151,125
245,94,151,125
246,94,152,125
245,93,152,126
246,94,151,125
247,95,151,125
247,95,151,125
247,95,151,125
247,95,151,125
247,94,152,125
246,93,151,125
246,93,151,125
246,93,151,125
245,93,151,125
246,94,151,125
246,94,151,125
247,94,150,124
246,94,150,124
246,94,151,125
247,95,150,125
247,94,150,124
248,95,149,124
248,94,149,123
250,94,147,121
251,94,146,121
250,94,146,121
251,94,146,121
253,93,145,120
253,93,145,120
253,93,145,120
253,94,144,119
254,95,144,119
255,96,143,118
254,96,143,118
256,98,142,117
257,99,142,117
258,100,140,116
258,100,140,116
259,101,139,115
259,102,139,115
258,101,140,116
259,108,137,114
260,109,136,112
259,110,136,112
259,110,136,112
258,109,135,112
258,109,134,111
259,109,134,111
259,110,133,110
258,115,133,110
258,115,133,110
258,115,132,110
259,118,130,108
259,119,130,107
258,118,129,107
259,119,129,107
262,113,127,105
261,113,126,104
262,114,125,104
264,101,126,105
265,102,125,104
265,102,124,103
266,103,124,103
270,106,123,102
268,105,124,103
270,106,123,102
271,107,121,101
274,96,122,101
276,98,120,99
277,99,118,98
278,99,118,98
278,99,119,98
280,101,117,97
279,100,117,97
282,110,115,95
282,111,114,94
282,111,114,94
284,109,112,93
285,110,112,92
285,110,111,92
285,110,111,92
287,110,109,91
287,110,109,91
287,110,108,90
287,110,108,90
288,108,107,89
288,108,107,89
288,108,106,89
290,106,104,87
290,106,104,87
291,106,104,87
290,106,104,87
289,110,105,87
289,110,105,88
289,110,104,87
287,119,102,85
288,120,100,84
288,120,101,84
288,120,101,84
286,124,100,83
286,124,99,83
287,125,98,81
286,125,98,82
285,121,97,81
285,121,97,81
285,121,97,81
282,117,96,80
282,117,96,80
282,117,96,80
282,117,96,80
280,116,94,79
280,117,93,78
280,117,93,78
275,118,94,78
275,119,93,78
276,119,92,77
276,119,92,77
271,120,91,76
271,120,90,75
271,120,91,76
271,120,91,76
265,120,89,75
264,119,90,75
