735,262,61,51
735,262,61,51
736,263,62,52
735,266,62,52
734,268,62,52
734,271,62,52
732,273,62,52
731,278,62,48
731,280,63,48
729,283,63,49
727,285,64,50
726,288,65,50
726,291,65,50
729,294,61,49
730,295,63,51
730,299,63,50
729,302,62,50
730,305,62,50
731,308,62,50
731,310,64,51
732,312,62,50
733,316,62,50
739,323,63,50
740,328,63,48
744,330,64,49
745,332,64,49
748,336,64,48
752,338,63,48
756,340,65,49
762,343,65,49
769,345,67,51
778,346,68,52
785,351,71,54
795,353,77,56
806,357,78,57
819,359,85,59
833,361,88,61
842,360,98,68
859,360,104,72
874,363,109,75
896,363,108,74
903,362,120,83
920,360,123,85
923,356,135,94
933,350,139,97
933,349,140,97
930,346,140,98
926,343,139,97
923,342,137,96
920,340,138,96
906,330,139,97
898,328,136,95
892,325,142,94
885,320,144,96
875,316,143,95
865,312,142,94
858,310,142,94
852,309,141,93
844,309,141,93
835,310,141,94
825,317,143,85
816,319,146,87
808,324,144,86
797,328,144,86
786,330,144,85
779,335,142,85
768,338,143,85
762,342,141,84
752,344,143,85
744,346,141,84
735,348,141,84
728,352,142,84
720,354,141,84
710,358,140,83
701,359,139,83
692,362,139,83
681,364,140,83
671,365,140,83
661,367,140,83
639,370,143,85
633,370,142,85
628,372,143,85
623,373,142,84
622,375,143,85
619,375,143,85
620,376,142,85
619,376,144,86
617,381,144,78
616,382,144,78
614,382,147,80
613,383,146,79
612,384,145,79
611,384,145,78
609,385,143,77
609,386,142,77
606,387,141,77
604,387,143,77
602,388,142,77
599,388,142,77
597,389,140,76
593,389,140,76
589,389,141,77
585,390,142,77
580,389,142,77
577,390,142,77
573,390,142,77
571,391,142,77
569,392,143,77
567,394,144,78
567,395,144,78
567,396,144,78
569,397,144,78
569,397,144,78
570,397,143,78
571,397,144,78
571,397,144,78
571,398,145,78
570,397,143,78
569,396,143,78
569,397,143,78
567,395,143,77
566,395,143,77
564,394,144,78
562,393,143,77
563,393,142,77
562,392,143,78
562,391,143,78
561,390,143,78
561,389,142,77
561,388,146,84
561,387,146,84
561,386,146,84
559,385,146,84
557,384,146,84
552,382,147,85
547,380,147,85
541,379,147,85
526,376,148,85
519,375,148,85
516,376,149,86
515,379,149,85
517,383,146,84
519,387,147,84
523,391,144,83
529,395,143,82
535,400,144,83
541,403,143,83
546,405,144,83
549,406,143,82
553,408,142,82
555,408,142,82
555,409,142,82
555,408,145,87
552,407,147,88
548,407,146,88
540,405,146,88
532,403,146,87
526,402,146,88
520,399,144,86
517,398,139,84
516,395,137,82
513,392,133,80
510,387,129,81
507,385,129,81
502,383,129,81
489,378,130,82
483,376,130,81
478,374,129,81
472,371,129,81
467,369,129,81
462,367,129,81
457,364,128,80
452,362,129,81
448,359,129,81
445,357,129,81
442,354,130,82
439,351,130,82
439,346,125,86
439,344,125,86
438,341,127,87
436,337,128,88
437,333,126,87
440,330,122,86
442,327,123,86
443,323,123,87
445,320,121,86
446,316,122,86
448,312,123,87
449,308,123,87
450,304,125,88
451,300,125,88
453,297,124,87
452,292,125,88
453,289,125,88
453,279,124,87
452,275,124,87
451,271,124,88
450,267,122,86
449,264,121,86
447,260,122,86
447,256,121,85
447,254,120,85
447,251,120,85
449,249,120,85
452,247,120,85
457,246,120,85
465,240,119,93
474,240,119,93
485,240,118,92
498,241,118,92
512,243,117,92
526,246,117,91
542,251,118,92
558,256,120,93
575,261,118,92
591,267,116,96
605,273,116,96
620,279,116,96
632,284,116,96
642,290,116,96
648,292,116,96
653,294,116,96
656,295,116,96
656,295,116,96
655,293,116,96
653,292,116,96
650,290,116,96
648,291,116,96
646,294,116,96
646,298,111,97
645,307,111,97
644,319,111,97
642,333,110,96
642,349,112,97
643,368,110,96
646,387,109,96
649,404,110,96
654,422,109,96
660,438,110,96
665,450,111,97
672,460,111,97
679,469,111,97
685,476,111,97
690,481,111,97
694,485,111,97
697,487,110,96
699,488,110,96
700,488,108,95
699,487,108,95
698,483,108,94
695,478,108,95
690,472,108,95
683,464,107,94
669,450,107,93
658,442,108,94
644,435,108,95
629,430,108,95
612,425,108,95
595,421,108,95
578,416,109,95
561,412,110,96
552,407,98,101
540,404,99,102
527,401,99,102
516,397,98,101
507,394,99,102
499,390,99,102
493,387,97,100
489,384,98,101
484,379,98,100
483,376,97,100
483,373,97,100
484,370,97,100
486,367,97,100
489,363,97,100
494,359,97,100
499,354,97,100
504,349,98,101
510,344,97,100
523,338,90,101
525,333,91,100
531,325,89,104
534,320,89,103
536,316,89,103
537,310,89,103
538,304,86,100
537,298,86,100
536,293,88,102
535,288,89,103
533,282,89,103
532,275,88,102
530,269,88,102
529,265,88,102
528,260,88,102
527,257,88,102
528,255,87,101
530,253,86,100
533,252,87,101
537,252,86,100
542,253,86,99
548,253,86,100
554,254,86,100
561,254,87,100
567,254,87,100
576,255,87,101
583,255,87,101
590,255,87,100
596,255,87,100
600,254,87,100
604,252,87,101
607,250,86,100
609,246,86,100
611,242,86,100
615,238,79,99
616,236,79,99
616,234,79,99
616,232,79,99
616,231,79,99
616,231,78,98
616,231,78,98
617,232,78,97
616,231,78,98
616,231,78,97
616,229,78,98
615,227,78,98
614,223,78,98
613,220,78,98
612,216,78,98
612,212,78,98
612,209,78,98
612,206,78,98
611,204,78,98
610,203,78,97
610,204,77,97
608,206,77,97
608,207,71,98
605,209,72,99
602,210,71,98
599,210,71,98
595,209,71,98
593,207,71,98
590,203,72,99
588,195,72,99
586,191,71,98
586,187,71,98
586,184,70,97
585,180,71,97
585,177,71,99
585,175,71,98
585,174,71,98
586,173,67,98
587,173,67,98
588,173,67,98
592,175,63,97
594,178,62,95
595,181,61,94
595,187,61,94
595,194,62,95
595,201,62,96
595,210,63,97
595,217,62,96
594,225,62,96
594,233,62,96
593,239,62,95
592,243,62,95
592,247,61,93
592,248,61,94
591,248,61,94
591,247,61,94
591,244,61,94
594,228,61,94
596,223,61,94
596,216,61,94
598,210,61,94
599,204,61,94
602,200,61,94
603,195,61,94
605,192,61,93
607,190,61,93
608,188,60,93
609,187,60,93
610,188,60,93
611,189,60,93
612,192,60,93
613,195,60,92
613,196,60,93
614,198,60,92
615,198,60,92
617,200,59,91
618,200,59,91
618,201,59,91
619,203,59,91
618,207,59,91
617,211,59,90
614,217,59,90
610,224,59,90
605,233,59,90
595,240,62,92
577,259,62,92
567,270,61,91
556,281,62,91
542,292,62,92
528,303,62,92
512,314,67,92
497,325,67,92
483,335,67,92
470,345,67,92
457,353,67,92
447,360,67,91
438,364,67,91
431,366,67,92
425,366,67,91
421,366,66,90
420,364,65,90
419,361,65,90
419,357,65,90
419,352,65,90
419,346,65,90
420,340,65,90
421,334,65,90
423,328,65,89
425,322,64,89
428,317,64,89
431,314,65,89
433,314,64,89
436,316,64,89
439,322,64,89
441,346,71,89
443,360,71,89
445,375,71,89
447,390,70,88
448,405,71,89
451,420,71,89
452,432,70,88
456,442,70,88
458,453,67,85
458,455,69,87
460,457,71,87
462,457,71,88
464,458,69,85
462,458,76,85
466,454,77,86
466,453,75,84
468,450,79,84
471,448,78,83
474,446,78,83
475,444,79,84
477,443,78,83
478,442,78,83
480,440,79,84
482,438,78,83
484,435,79,84
487,432,79,84
489,428,79,84
490,424,79,84
495,418,79,85
498,412,79,84
501,408,78,83
504,403,78,83
508,397,79,84
512,391,78,83
514,387,79,84
516,383,79,84
519,377,80,85
522,373,79,84
524,371,79,84
524,369,79,84
525,369,79,84
525,369,79,84
524,370,79,84
524,372,79,84
525,373,79,84
525,372,79,84
526,373,78,83
528,371,78,83
530,369,79,84
532,366,79,84
535,363,78,83
538,359,78,83
541,355,78,83
544,350,79,84
547,345,78,83
552,341,79,84
555,336,78,83
562,327,78,83
564,323,77,82
565,321,77,82
565,320,77,82
564,320,77,82
560,323,77,82
555,327,77,82
548,333,78,82
540,340,77,81
529,348,77,82
519,356,77,82
509,364,77,82
500,372,76,81
491,379,79,81
485,387,75,77
479,389,75,77
477,389,76,78
476,389,76,78
474,388,78,80
473,386,79,81
474,384,78,80
477,382,79,75
480,379,81,75
483,376,81,75
486,372,82,76
489,369,81,75
493,364,81,75
497,360,81,75
501,356,82,76
505,352,82,76
510,347,81,75
515,342,81,75
522,335,80,74
523,332,81,75
524,328,83,77
532,323,82,76
537,317,82,76
540,314,81,75
546,307,81,75
551,302,80,75
556,297,82,76
561,292,82,76
566,288,82,76
571,282,82,76
576,277,82,76
581,273,83,77
586,268,84,78
590,263,83,77
597,257,83,77
603,253,83,77
608,250,82,76
613,245,80,75
618,240,81,75
623,236,80,74
626,232,82,76
631,230,80,74
634,229,80,74
639,228,80,75
639,226,81,75
639,227,80,74
641,223,81,75
642,222,81,75
643,219,82,76
644,217,82,76
648,213,81,75
652,209,81,75
655,206,81,75
659,201,82,76
663,198,82,76
667,194,82,76
670,191,82,76
670,190,87,76
671,189,87,76
673,189,87,76
673,190,88,76
672,193,87,76
671,197,87,76
668,201,87,76
664,208,87,76
659,214,87,76
652,220,87,76
646,228,88,77
638,235,88,77
628,242,88,77
618,249,88,77
608,256,91,77
597,263,91,77
586,268,92,77
576,275,91,77
566,280,91,77
557,285,92,77
548,290,91,77
541,294,91,77
535,296,91,77
531,297,92,78
529,299,91,77
527,298,92,77
527,298,91,77
528,296,91,77
530,294,91,77
533,293,91,77
534,291,91,77
535,291,92,78
535,291,92,78
535,293,92,78
531,295,92,78
527,299,91,77
521,302,90,76
515,307,89,75
507,308,88,75
502,311,90,76
494,314,89,75
487,314,90,76
479,314,91,77
474,314,91,77
470,311,92,78
468,311,91,77
469,311,92,78
469,308,92,78
470,305,91,77
472,302,91,77
475,300,91,77
477,298,92,78
481,297,92,77
483,298,91,77
484,299,92,78
485,303,92,78
486,309,91,77
486,314,91,77
483,319,91,77
481,325,91,77
478,331,92,77
474,338,91,77
468,344,92,77
464,353,91,75
456,360,92,76
452,366,91,75
446,372,91,75
440,376,91,75
435,379,92,76
432,382,91,75
428,384,91,75
427,383,92,76
427,383,93,76
428,383,92,76
430,381,92,76
432,378,92,76
436,376,92,76
437,373,94,77
435,371,97,80
433,367,100,82
431,364,105,86
428,363,110,90
425,362,115,95
423,360,119,98
424,359,123,101
424,360,125,102
427,359,128,105
430,358,133,109
432,356,137,112
434,356,139,114
439,353,139,114
444,347,142,117
456,342,144,118
465,337,143,117
473,333,142,117
482,324,144,118
488,321,146,120
497,304,148,122
504,299,148,122
495,299,148,122
535,289,147,122
514,286,146,120
492,289,145,119
496,272,124,106
443,291,129,105
410,302,127,103
410,301,124,101
366,323,116,94
341,333,111,90
337,343,108,88
316,354,104,84
288,360,123,91
280,371,121,89
270,386,119,82
261,394,123,89
274,406,105,79
290,417,91,67
290,423,92,68
298,427,87,64
310,430,83,58
324,429,81,55
344,428,72,53
358,426,68,50
363,424,69,51
366,424,69,51
368,424,69,51
369,424,69,51
371,424,69,51
374,423,69,51
377,421,69,51
380,420,69,51
383,419,69,51
386,418,68,50
389,417,69,51
390,416,69,51
392,414,69,51
392,413,69,51
392,413,69,51
391,412,70,51
390,411,69,51
388,410,70,52
385,409,69,51
384,408,69,51
381,408,69,51
378,408,69,51
374,408,69,51
370,408,69,51
366,407,68,50
362,407,69,51
357,407,69,51
353,406,69,51
350,406,69,51
347,405,69,51
344,404,68,51
343,404,69,51
342,401,69,51
342,400,68,50
343,398,69,51
345,396,69,51
347,394,69,51
350,393,69,51
352,391,68,51
355,391,68,50
356,392,68,50
357,393,68,50
357,397,68,50
355,400,68,50
353,404,68,50
352,410,68,50
349,415,68,50
345,420,68,50
341,425,68,50
337,430,68,50
334,434,68,50
329,438,69,50
326,442,68,50
323,445,68,50
318,447,68,50
316,451,68,50
313,453,68,50
309,454,69,50
306,456,68,50
302,456,68,50
299,457,69,50
295,458,68,50
292,458,69,50
288,458,68,50
284,457,69,50
281,458,68,50
278,458,68,50
275,458,67,49
272,458,68,50
270,459,68,50
267,460,68,50
264,461,68,50
261,465,67,49
260,467,67,50
260,470,67,50
260,471,68,50
261,473,67,50
262,475,67,50
264,475,67,50
266,475,69,50
269,475,68,50
272,475,68,50
276,474,68,50
279,473,68,50
283,471,68,50
287,470,67,49
290,468,68,50
295,466,68,50
299,465,68,50
304,464,67,50
308,462,67,49
311,459,67,49
315,457,67,49
319,455,66,49
323,454,66,49
325,452,67,49
327,450,67,49
329,448,67,49
330,447,67,49
328,442,68,50
326,440,68,50
324,439,67,49
322,438,67,49
320,437,67,49
317,436,67,49
316,436,68,50
314,435,68,50
313,434,68,50
311,432,68,50
311,432,68,50
311,430,68,50
313,430,68,50
314,429,68,50
317,429,68,50
320,428,68,50
322,427,67,49
324,426,67,49
326,425,68,50
328,424,68,50
331,424,68,50
332,424,68,50
332,423,69,50
333,423,70,50
332,423,70,50
331,423,70,50
329,422,70,50
328,422,70,50
324,423,70,50
319,427,70,50
314,430,69,50
309,436,70,50
302,442,70,50
295,448,70,50
287,455,70,50
278,462,69,49
269,468,70,50
259,474,70,50
249,479,70,50
240,483,70,50
233,486,70,50
227,487,69,49
221,488,69,49
218,487,69,49
216,487,69,50
216,486,69,49
216,485,69,49
216,483,69,49
218,481,69,49
220,479,69,49
223,477,69,49
225,475,69,49
227,472,69,49
228,470,69,50
226,469,73,45
225,467,74,45
224,465,73,45
223,463,72,44
223,462,72,44
221,461,72,44
219,459,72,44
218,458,73,45
217,457,72,44
217,456,73,44
216,454,73,44
216,452,73,44
217,451,72,44
219,450,72,44
221,448,72,44
223,447,71,44
224,444,72,44
228,442,72,44
230,442,72,44
234,439,73,44
237,438,73,44
240,435,73,44
245,434,72,44
249,432,73,44
252,429,74,45
257,428,73,45
262,426,73,44
266,424,73,44
271,423,72,44
275,422,71,43
280,420,71,43
284,418,72,44
289,416,72,44
294,414,72,44
305,409,72,44
309,408,73,44
314,407,72,44
319,406,71,43
323,404,71,44
328,402,71,43
332,401,70,43
337,400,71,44
341,398,71,43
346,397,71,44
352,397,72,41
355,396,73,41
361,395,73,41
366,394,73,42
370,393,73,41
375,392,72,41
380,391,71,41
384,390,71,41
388,389,71,41
392,388,71,40
394,387,71,41
394,386,72,41
398,385,72,41
397,385,72,41
396,385,72,41
398,384,73,42
399,383,72,41
399,383,71,41
402,382,71,40
403,382,72,41
404,382,72,41
405,381,72,41
406,381,71,40
405,380,72,41
405,380,72,41
404,380,71,40
402,380,71,40
400,380,71,41
399,380,71,41
399,380,71,40
399,379,72,41
400,379,72,41
401,379,72,41
402,378,72,41
405,378,72,41
407,377,72,41
409,377,72,41
410,376,72,41
413,376,72,41
414,376,72,41
417,376,72,41
418,375,72,41
421,375,72,41
424,375,72,41
427,375,72,41
430,375,72,41
433,374,72,41
436,374,72,41
438,374,72,41
442,375,72,41
444,378,71,41
446,381,71,41
448,385,72,41
449,389,72,41
448,393,72,41
