355,282,248,96
355,282,248,96
355,282,247,95
356,282,245,95
356,282,245,95
356,281,244,95
355,281,245,95
356,282,245,95
356,282,245,95
356,282,245,95
355,281,246,95
355,281,246,95
355,281,246,95
354,281,245,95
355,282,245,95
355,282,245,95
355,282,245,95
355,282,245,95
355,282,245,95
355,282,245,95
354,282,245,95
354,282,245,95
354,282,245,95
354,282,245,95
354,282,245,95
354,282,245,95
354,282,245,95
353,282,245,95
353,282,245,95
353,282,245,95
353,282,245,95
353,282,245,95
353,282,245,95
352,282,245,95
352,282,244,95
352,281,244,95
351,281,245,95
351,282,245,95
351,281,245,95
351,281,245,95
350,282,245,95
351,282,245,95
351,282,245,95
350,282,244,95
349,281,244,94
349,281,244,94
349,281,244,94
348,281,244,95
348,281,244,95
348,281,245,95
348,282,245,95
348,282,245,95
348,282,245,95
347,282,245,95
347,282,245,95
347,282,245,95
347,281,245,95
346,281,244,94
345,281,244,95
345,280,244,95
344,280,244,95
344,280,244,95
344,280,245,95
344,281,244,95
343,280,245,95
344,281,244,95
343,280,245,95
342,281,245,95
342,281,245,95
342,281,245,95
341,281,245,95
342,281,244,95
340,280,245,95
340,281,245,95
340,281,245,95
340,281,245,95
340,281,245,95
338,281,245,95
338,281,245,95
338,281,245,95
337,281,245,95
337,281,245,95
337,281,245,95
336,281,241,93
337,281,238,92
337,281,238,92
337,281,239,92
334,281,242,94
330,281,243,94
330,281,243,94
329,281,244,94
329,281,244,94
328,280,245,95
327,281,245,95
326,280,244,95
328,281,239,93
329,281,237,92
326,281,240,93
325,282,236,91
327,282,233,90
326,282,232,89
325,282,232,89
317,282,240,89
315,282,240,89
314,282,240,89
315,282,240,89
314,282,240,89
311,281,240,89
311,281,240,89
311,281,240,89
308,281,240,89
308,281,240,89
308,281,240,89
305,281,239,89
306,282,240,89
303,281,240,89
304,281,237,88
302,281,237,88
302,281,236,88
302,282,238,88
304,282,238,88
304,282,237,88
304,281,235,87
308,282,229,87
308,282,231,87
309,282,228,87
308,281,229,87
311,281,228,87
311,281,228,87
311,281,228,87
313,282,228,87
314,282,226,86
314,282,223,85
314,281,224,85
315,282,223,85
314,281,224,86
314,280,224,90
313,280,224,90
312,279,224,90
312,279,223,90
313,279,219,88
311,282,217,87
314,283,212,85
312,282,212,85
312,281,210,90
312,281,210,90
313,281,206,88
311,281,204,87
311,281,203,87
312,281,203,87
312,282,203,87
311,281,204,87
311,281,203,87
317,282,204,87
316,281,205,87
316,281,205,87
316,281,204,87
320,279,200,90
320,279,200,90
321,279,200,90
322,279,197,90
322,279,195,90
323,279,196,90
322,279,193,93
323,279,192,92
322,279,192,93
323,280,193,93
323,280,192,93
323,280,192,92
324,279,187,93
325,279,185,92
326,280,186,92
326,280,186,92
327,279,178,92
327,279,178,92
327,279,178,92
326,278,178,92
328,278,177,91
328,278,171,93
328,278,171,93
329,278,170,92
330,278,170,92
329,278,170,92
331,278,168,93
333,279,164,93
333,279,164,93
333,279,164,93
336,279,158,92
336,280,158,93
337,280,157,93
338,280,156,92
339,278,153,93
339,278,153,93
341,278,150,93
340,279,152,92
342,280,150,92
342,280,150,92
345,280,142,92
345,280,143,93
346,281,141,92
349,281,140,91
349,281,140,91
349,281,137,92
349,281,137,92
349,281,137,92
350,282,137,92
349,281,137,92
349,282,126,92
348,281,130,92
348,280,130,95
348,280,131,96
349,280,131,96
348,280,131,96
352,280,131,96
352,281,131,96
352,280,131,96
352,280,131,96
357,280,132,97
357,280,133,97
357,280,133,97
361,280,133,98
361,280,132,97
361,280,134,98
361,278,136,98
361,279,136,98
355,280,146,99
354,279,145,98
354,280,146,99
354,280,146,99
354,279,147,99
356,279,147,99
356,279,147,99
356,279,146,98
357,280,148,97
353,277,151,101
354,277,150,100
354,277,150,100
360,278,151,100
358,278,155,99
358,278,154,99
362,278,154,99
361,277,154,98
362,278,154,99
363,278,158,100
363,278,158,100
363,278,159,100
363,278,158,100
368,278,160,102
368,278,160,101
364,278,166,102
367,277,168,103
367,278,169,104
366,277,171,104
368,277,172,105
368,276,173,105
367,276,172,105
365,278,176,103
366,277,177,104
366,277,178,104
365,277,181,105
366,277,180,105
363,277,184,105
363,277,183,104
363,277,183,104
362,276,183,105
358,277,190,104
358,277,190,104
356,276,191,105
355,276,192,105
355,276,192,105
354,276,195,107
351,276,199,106
351,276,199,106
349,275,201,107
350,275,201,107
350,275,202,107
349,275,202,108
347,274,204,108
343,276,208,107
343,276,207,107
343,276,209,108
342,276,209,108
343,276,209,107
343,275,211,109
345,276,211,108
343,276,211,108
343,275,211,109
342,278,216,106
342,278,216,106
342,277,216,106
342,277,217,107
342,277,218,107
342,277,218,107
341,276,219,107
342,277,219,108
341,276,220,108
341,276,220,108
342,276,221,108
342,276,220,108
342,276,221,108
344,277,219,108
344,276,221,108
344,276,219,108
345,276,223,109
345,277,223,109
344,277,225,108
341,279,227,108
344,279,228,108
344,278,226,108
343,277,227,108
346,278,230,108
346,278,230,108
346,278,229,107
346,277,228,107
346,278,228,107
347,278,228,107
347,278,234,107
347,278,236,108
347,278,237,108
348,278,234,107
349,278,232,106
349,278,233,106
349,278,233,107
349,278,236,108
349,278,236,108
348,278,238,109
343,278,241,108
344,278,239,107
345,278,238,107
343,278,242,108
345,279,242,108
345,279,241,108
346,278,239,107
346,278,241,108
348,281,241,108
348,281,241,108
348,280,241,108
350,281,241,108
350,281,241,108
350,281,240,108
352,281,244,109
352,281,242,108
347,282,249,109
349,282,249,109
349,282,244,107
349,281,243,107
349,281,248,109
351,281,246,108
351,281,248,109
351,281,249,109
351,281,250,110
351,281,248,109
352,281,246,108
354,281,248,109
353,281,250,110
352,280,251,110
352,281,252,111
351,281,257,111
351,281,257,111
351,280,253,109
353,281,255,110
352,280,256,110
352,279,257,111
353,279,258,111
353,278,258,111
353,278,256,110
353,278,258,111
358,280,256,111
360,280,253,110
360,281,255,111
362,281,254,110
362,281,251,109
363,281,248,108
364,282,253,110
364,282,253,110
364,282,253,110
360,282,260,110
362,282,259,110
363,282,257,109
364,281,255,108
355,282,259,110
352,280,260,110
353,282,260,110
346,281,264,112
344,280,263,111
344,279,263,111
344,279,263,111
329,279,265,112
329,278,264,112
329,279,266,112
295,279,266,112
294,278,266,112
294,278,266,112
294,278,266,112
294,279,265,112
294,279,265,112
293,278,266,112
294,279,266,112
293,278,266,112
294,279,266,112
293,278,266,113
294,279,266,113
294,279,268,113
293,278,267,113
293,278,267,113
293,279,270,114
292,278,268,113
293,278,267,113
293,279,270,114
293,279,268,113
293,279,266,113
294,279,270,114
165,279,271,115
164,280,275,116
162,279,276,117
163,280,277,117
174,279,276,117
174,279,276,117
175,279,276,117
183,279,276,117
183,279,277,117
184,280,279,118
192,278,279,118
192,278,279,118
192,278,278,118
193,278,278,118
207,278,280,118
206,278,284,120
205,278,286,121
211,278,286,121
211,278,286,121
211,278,286,121
209,278,286,121
208,278,283,118
208,278,283,118
208,278,283,118
200,277,283,118
199,278,288,120
198,278,289,121
192,278,286,119
194,279,285,119
194,278,282,118
186,278,286,119
186,279,288,120
186,279,287,120
183,279,286,119
175,279,286,119
175,279,285,119
177,279,278,116
174,278,280,117
172,279,286,118
172,279,286,118
166,278,287,119
166,279,288,119
165,278,289,119
168,279,282,116
163,279,291,118
163,279,291,118
163,279,291,118
159,279,291,118
159,278,292,119
159,279,292,119
153,279,297,120
153,279,297,120
152,280,297,120
153,280,296,120
150,280,298,121
150,280,295,120
149,279,299,121
148,280,299,121
148,281,298,121
146,279,299,121
145,280,300,122
143,279,300,122
145,280,296,120
144,279,296,120
142,280,300,122
141,279,298,121
141,279,300,122
138,279,299,121
137,279,301,122
137,279,302,123
134,279,303,123
134,279,304,123
131,278,303,123
133,278,300,122
130,277,299,121
130,278,299,122
129,277,299,121
129,277,302,122
127,276,303,123
127,277,303,123
126,277,306,124
125,276,306,124
126,277,306,124
125,278,307,124
125,278,304,123
124,278,307,124
125,278,304,123
122,278,309,125
122,278,309,125
122,278,308,124
120,277,310,125
120,278,311,126
119,277,313,126
117,278,312,126
116,278,313,126
115,277,318,129
114,277,317,128
114,277,321,130
112,277,325,131
112,277,324,131
112,278,322,130
112,278,322,130
113,278,322,130
113,278,322,130
109,277,323,131
110,277,317,128
110,278,319,129
111,278,320,129
109,277,322,130
109,277,323,130
108,277,324,131
111,277,318,128
110,277,321,130
109,276,323,130
108,277,328,132
107,278,328,133
105,278,329,133
105,278,327,132
105,279,327,132
105,279,327,132
106,279,328,133
106,279,329,133
105,277,328,133
105,278,329,133
103,277,333,134
103,277,332,134
103,277,332,134
102,278,334,135
102,279,335,136
101,278,336,136
100,277,336,136
101,279,337,136
101,279,338,137
99,277,337,136
101,279,338,136
99,277,339,137
99,277,339,137
100,279,344,139
98,278,339,137
98,278,338,137
96,278,339,137
96,279,343,139
95,279,345,139
96,278,340,137
106,280,344,139
104,278,343,138
105,280,343,139
116,280,344,139
114,279,343,139
114,280,344,139
125,279,343,139
126,281,342,138
127,281,343,139
127,281,343,139
131,281,345,140
127,281,346,140
127,281,346,140
128,281,346,140
128,281,346,140
129,281,346,140
129,281,345,139
130,280,338,137
130,280,339,137
130,279,339,137
131,281,341,138
128,279,344,139
130,280,340,137
133,281,342,138
129,280,347,141
125,280,352,139
123,279,354,140
123,279,354,140
122,279,355,140
120,279,363,143
120,279,359,142
122,280,360,142
120,279,361,143
125,280,356,140
126,281,357,141
124,280,358,141
127,281,360,142
125,280,360,142
125,280,358,142
127,281,360,142
125,280,360,142
124,279,360,142
124,279,360,142
124,279,360,142
124,279,361,142
123,279,360,142
124,280,362,143
128,282,363,143
126,281,362,143
127,281,363,143
100,281,363,143
99,281,363,143
99,281,363,143
76,281,365,144
75,282,369,146
75,281,366,144
64,282,368,145
64,283,368,145
63,283,369,146
62,281,369,146
35,281,371,146
37,282,371,147
37,283,372,147
13,281,373,147
14,281,372,147
14,281,372,147
2,281,372,147
1,281,373,147
1,281,373,147
1,281,373,147
5,280,373,147
6,280,374,148
7,282,375,148
7,280,377,149
8,281,378,149
7,280,377,149
11,282,378,149
6,283,379,150
6,283,379,150
6,282,379,150
22,282,375,148
22,281,372,147
22,281,373,148
44,282,382,150
44,282,382,150
44,282,382,150
61,283,372,146
63,283,374,147
64,284,375,147
64,284,374,147
89,282,370,145
91,284,364,143
92,282,359,141
101,288,361,142
104,286,365,143
98,280,366,144
119,282,374,147
114,283,379,149
115,282,376,147
115,283,378,148
130,283,378,149
132,283,378,149
131,283,380,149
132,283,380,149
132,283,380,149
131,283,380,149
136,284,378,149
136,284,377,148
135,283,381,150
136,284,381,150
140,283,381,150
141,283,380,149
140,287,380,149
142,286,368,146
142,286,368,146
143,286,368,146
142,286,367,146
147,288,364,144
147,288,364,144
148,288,364,144
149,289,364,144
148,288,362,143
148,288,362,143
152,290,356,141
