145,349,245,182
145,349,245,182
144,351,246,183
146,355,245,182
145,353,246,183
147,355,244,181
148,355,244,181
147,353,246,182
145,350,247,184
147,350,246,185
150,356,244,181
149,356,245,182
150,357,244,183
148,355,246,187
149,356,244,185
141,352,254,193
137,351,256,194
136,348,258,196
135,347,257,196
138,347,257,195
138,347,257,195
137,347,257,195
134,345,259,197
134,346,259,197
134,347,259,197
133,347,259,197
130,348,262,199
127,347,262,199
126,346,262,199
126,348,261,198
125,348,265,201
122,346,267,202
120,344,268,203
120,345,265,201
120,346,267,203
120,346,268,203
118,345,268,203
117,347,270,205
118,348,270,205
115,348,271,206
113,346,271,205
113,346,271,206
112,345,270,205
113,345,272,206
112,345,274,208
111,347,274,208
110,347,275,208
105,346,276,209
105,346,276,209
105,346,276,209
102,344,276,210
104,346,276,209
102,344,277,210
102,346,276,209
99,344,276,210
97,349,277,210
94,348,278,211
97,351,279,209
95,353,279,209
94,354,279,209
93,354,279,209
91,353,279,209
89,351,282,211
88,351,281,210
88,350,280,210
89,351,280,210
88,350,281,210
86,349,280,210
87,350,281,210
84,347,280,210
85,349,280,210
84,349,281,210
82,348,280,210
83,350,280,210
83,352,280,210
83,353,280,210
83,353,280,210
82,354,280,210
81,354,281,210
82,352,278,209
82,352,278,208
82,352,278,208
83,349,278,208
84,348,278,208
83,348,278,208
86,345,277,207
85,343,276,207
88,345,277,208
88,345,275,206
89,346,276,207
93,351,272,204
92,351,271,203
92,351,270,203
96,349,269,202
99,350,269,201
103,348,267,200
104,348,266,199
102,346,267,200
108,348,263,197
108,347,262,197
110,348,263,197
116,347,260,195
117,347,260,194
120,343,258,193
121,342,257,192
123,344,256,192
127,346,254,190
127,345,255,191
126,345,255,191
134,348,249,187
137,350,243,183
146,351,242,181
145,350,243,182
147,351,242,181
153,349,236,177
155,348,235,176
156,349,237,178
161,346,234,176
163,347,234,175
170,349,228,171
171,349,229,172
172,350,228,171
179,350,225,169
179,350,225,168
180,350,224,168
187,349,221,166
188,349,220,165
195,350,217,163
195,349,215,161
196,349,216,162
202,350,213,160
203,350,212,159
202,349,209,158
207,348,207,157
211,348,204,158
211,347,205,158
217,347,199,154
218,347,200,155
225,348,195,151
225,349,195,151
226,349,195,151
233,350,191,148
232,349,191,147
232,349,190,147
239,348,188,146
241,348,187,144
246,347,185,143
246,347,185,143
246,347,185,143
250,348,185,143
253,350,183,141
253,350,183,141
261,350,180,139
261,350,178,138
270,350,175,135
269,348,175,135
269,348,175,135
276,348,172,133
278,349,171,132
278,349,171,132
284,350,167,129
284,350,166,128
293,351,163,128
294,351,160,128
294,351,160,128
299,350,159,127
299,349,158,127
299,349,157,125
306,349,156,125
305,348,156,125
311,348,154,123
313,350,153,123
312,349,153,122
320,350,150,120
320,350,149,119
321,351,148,119
329,353,148,114
329,353,148,114
337,351,147,113
336,350,147,114
340,349,142,116
349,352,140,114
349,352,140,114
349,352,141,115
359,352,140,114
360,353,139,113
370,351,138,112
370,351,138,112
370,350,138,112
380,349,136,111
380,349,136,111
380,349,136,111
389,349,136,111
390,351,135,110
399,345,134,110
399,346,134,109
400,347,133,109
410,344,130,108
409,343,132,108
409,343,133,109
417,346,133,109
419,348,128,107
428,351,126,105
429,352,123,106
429,352,123,105
438,352,122,105
438,351,123,105
438,351,122,105
447,350,122,105
447,350,121,104
455,349,120,103
455,349,120,103
455,349,120,103
463,349,119,102
463,348,119,102
463,348,119,102
471,347,118,102
471,346,118,101
479,347,118,102
479,348,118,101
479,347,118,101
487,348,117,100
486,348,117,100
486,348,117,100
492,347,116,100
493,348,116,99
498,349,115,98
498,350,114,98
497,349,115,99
503,350,114,98
503,350,114,98
503,351,114,97
507,353,113,97
507,353,113,97
510,350,113,97
510,350,113,97
511,350,113,97
515,352,113,97
516,353,112,96
516,353,112,96
519,354,112,96
519,355,111,96
524,352,110,94
524,351,110,95
525,351,110,95
527,352,110,94
527,352,110,95
528,352,111,95
529,353,110,95
530,354,110,95
532,353,109,94
532,352,110,94
532,352,110,94
533,351,109,94
534,351,109,94
534,351,104,94
535,352,104,94
535,352,104,94
537,352,104,94
537,352,104,94
537,352,104,94
538,348,104,94
538,347,104,94
539,347,104,94
540,348,104,94
541,348,103,94
541,351,103,94
541,351,103,94
541,351,101,93
542,351,102,93
541,351,102,93
542,351,102,93
541,350,103,94
541,349,103,94
540,348,103,94
541,349,102,93
541,349,102,93
541,349,102,93
541,349,101,92
541,349,101,93
541,349,102,93
541,348,102,93
541,348,102,94
541,348,102,93
541,348,102,93
541,348,102,93
540,349,102,93
540,349,102,93
540,349,102,93
541,350,102,93
541,349,102,93
541,349,102,93
541,349,102,93
541,348,102,93
541,347,102,93
541,347,101,93
543,348,101,93
543,348,101,93
545,347,101,92
544,347,102,93
544,347,102,93
547,347,102,93
546,347,102,93
546,347,102,93
549,347,102,93
548,347,102,93
550,347,101,93
551,348,101,92
551,348,101,92
554,346,101,92
554,346,100,92
554,346,101,92
557,346,101,92
557,346,101,92
560,349,100,91
561,349,100,91
561,349,100,91
565,348,100,91
564,347,100,91
564,347,100,91
568,347,100,91
567,346,100,91
571,348,100,91
570,347,100,91
571,347,99,91
574,347,99,90
574,348,99,90
574,348,99,90
577,347,99,90
577,347,99,90
580,347,99,90
580,347,99,90
580,347,99,90
585,347,98,90
584,346,98,90
584,346,98,90
590,347,98,89
589,347,98,90
595,349,98,89
595,348,97,89
595,349,97,89
601,348,97,89
601,348,97,88
600,347,97,89
606,347,97,88
605,346,97,89
607,346,97,88
606,346,97,88
607,346,97,88
607,351,96,87
607,351,95,87
607,351,95,87
606,352,96,87
606,352,95,87
605,348,95,87
605,348,95,87
605,348,95,87
605,347,95,87
605,347,95,87
605,347,95,87
604,352,95,86
604,352,95,86
603,351,95,86
603,350,94,86
603,351,95,86
603,347,96,87
603,347,95,86
603,347,94,86
602,347,94,85
602,346,94,85
602,351,94,85
602,351,93,85
602,351,93,85
603,353,93,84
602,353,93,84
603,354,93,84
605,349,93,84
605,349,92,84
605,349,92,83
605,349,92,83
605,349,92,83
606,350,91,83
605,349,92,83
605,349,92,83
606,349,91,83
606,348,91,82
607,349,91,82
608,347,91,82
608,347,91,82
608,347,90,81
609,348,90,81
608,348,89,81
608,352,89,81
608,351,89,81
608,351,89,81
607,351,89,80
607,351,89,81
607,349,89,80
607,348,88,80
607,348,88,80
607,349,88,79
607,349,87,79
607,349,87,79
606,349,87,79
606,349,87,79
606,347,86,78
606,347,86,78
606,347,86,78
605,346,86,78
605,347,86,78
605,346,86,78
605,347,85,77
605,348,85,77
605,349,85,77
604,349,85,77
604,348,85,77
604,348,84,76
604,348,84,76
604,348,84,76
603,347,84,76
603,347,84,76
603,347,84,76
603,347,84,76
603,347,84,76
603,350,83,75
604,351,83,75
603,351,83,75
603,351,83,75
603,352,83,75
603,351,83,75
603,350,83,75
603,351,83,75
603,349,83,75
604,349,82,75
603,349,82,75
603,348,82,74
603,349,82,74
603,350,81,74
603,350,81,74
603,350,81,73
603,349,81,74
602,348,81,74
602,348,81,74
602,348,81,73
602,348,81,73
602,347,81,73
602,347,81,73
602,347,81,73
602,345,81,73
602,345,81,73
602,345,81,73
602,345,80,73
601,345,80,73
602,348,80,72
601,347,79,72
602,347,80,72
602,348,79,71
602,348,79,71
602,348,79,72
603,348,79,72
603,348,79,72
604,348,79,75
604,348,78,74
604,348,79,75
604,348,79,75
605,348,79,75
604,348,79,75
604,346,79,75
604,345,79,75
605,347,79,75
605,347,79,75
605,347,79,75
605,349,78,74
605,349,78,74
605,349,78,74
606,348,78,74
606,348,78,74
607,347,79,75
607,347,79,75
607,347,79,75
607,347,79,75
607,347,79,75
607,347,79,75
608,348,79,75
608,348,78,74
608,348,78,74
608,347,79,75
609,348,79,75
609,348,79,75
609,348,79,75
609,348,78,74
610,349,79,75
610,349,79,75
612,351,79,75
611,350,79,75
611,350,79,75
612,349,79,75
613,349,79,75
613,349,79,75
614,349,79,75
614,349,79,75
614,349,79,75
614,349,79,75
613,348,79,75
613,350,79,75
613,350,79,75
613,350,79,75
612,350,79,75
612,350,79,75
611,348,79,75
611,348,79,75
611,348,79,75
610,350,79,75
610,351,79,75
610,351,79,75
610,351,79,75
609,351,79,75
609,346,79,75
609,347,79,75
609,347,79,75
608,348,79,75
608,348,79,75
608,348,79,75
608,353,79,75
608,353,79,75
608,353,79,75
608,353,79,75
608,353,79,75
608,352,79,75
607,351,79,75
607,351,79,75
607,349,79,75
607,350,79,75
606,349,79,75
607,349,79,75
607,349,79,75
606,349,79,75
606,350,79,75
607,350,79,75
606,351,79,75
606,351,79,75
605,352,79,75
606,353,79,75
606,353,79,75
605,350,79,75
605,350,79,75
605,350,79,75
605,351,79,75
604,351,79,75
604,351,79,75
604,351,79,75
604,351,79,75
604,349,79,75
603,348,79,75
603,348,79,75
602,348,79,75
603,348,79,75
602,352,79,75
602,352,79,75
602,352,79,75
602,352,79,75
602,352,79,75
602,352,79,75
602,349,79,75
602,348,79,75
602,348,79,75
602,348,78,75
602,348,78,74
602,350,78,74
602,350,78,74
602,350,78,74
602,348,78,74
602,349,78,74
603,350,77,73
603,350,77,73
603,350,77,73
603,351,77,73
603,352,77,73
603,352,77,74
604,346,77,73
605,347,77,73
605,348,77,73
605,348,77,73
606,348,77,73
606,351,76,72
606,351,76,73
605,351,76,72
606,351,76,73
606,351,76,72
606,351,76,72
606,351,76,72
606,352,76,72
605,349,76,72
606,349,76,72
606,349,75,72
605,348,75,72
606,349,75,72
605,349,75,71
605,349,75,71
606,350,75,71
606,351,75,71
606,351,75,71
606,351,75,71
606,350,75,71
605,350,75,71
606,347,75,71
606,347,75,71
606,347,75,71
607,351,74,70
608,351,74,70
608,351,74,70
609,353,74,70
608,352,74,70
609,347,73,70
609,348,73,70
610,348,73,70
610,348,73,69
609,347,73,69
609,347,73,69
609,352,73,69
609,352,73,69
609,351,73,69
609,352,73,69
609,352,73,69
610,349,73,69
610,349,73,69
610,349,73,69
611,350,72,69
611,351,72,69
611,352,71,68
612,353,72,68
611,353,72,68
612,349,72,69
613,350,72,68
612,349,72,68
613,350,72,68
614,350,72,68
613,349,72,68
615,351,71,68
615,352,71,68
616,351,71,68
616,351,71,68
616,351,71,68
618,353,71,68
618,353,71,67
618,353,71,68
619,354,71,67
620,354,71,67
621,352,71,67
621,351,71,67
622,351,71,67
622,349,71,67
622,349,71,67
622,349,71,67
622,350,70,67
623,350,71,67
623,351,70,67
623,351,70,67
623,351,70,67
623,350,70,67
623,350,70,67
623,349,70,67
623,349,70,67
623,349,70,67
621,350,70,67
621,350,70,67
622,351,70,67
619,347,70,67
619,348,70,67
619,348,70,67
618,346,70,67
617,346,70,67
616,348,69,66
616,348,70,67
616,349,70,67
615,351,69,67
615,351,69,66
615,351,69,66
614,352,69,66
613,351,69,66
613,352,69,66
612,352,69,66
613,352,69,66
612,352,69,66
612,352,69,66
612,352,69,66
612,349,69,66
611,349,69,66
611,349,69,66
612,350,69,66
612,350,69,66
612,350,69,66
612,350,69,66
612,350,69,66
613,350,69,66
613,350,69,66
613,350,68,65
614,350,69,66
613,350,68,65
615,351,68,65
614,351,69,66
615,351,69,66
615,349,68,66
615,349,68,66
615,347,68,65
615,347,68,65
615,347,68,65
616,348,68,65
616,348,68,65
616,348,68,65
617,349,68,65
617,350,68,65
618,350,68,65
618,350,68,65
618,349,68,65
619,350,68,65
619,350,67,65
619,350,67,64
619,350,68,65
619,350,67,64
619,347,67,64
619,347,67,64
619,347,67,64
618,348,67,64
617,348,67,64
618,348,67,64
617,351,66,64
617,351,66,63
617,351,66,63
617,351,66,63
617,351,66,63
616,350,66,64
616,349,66,63
615,349,66,63
615,351,65,62
614,351,66,63
614,349,66,63
614,349,66,63
614,349,66,63
614,348,66,63
613,348,65,62
614,348,66,63
613,351,65,62
613,351,65,62
612,350,65,62
612,350,65,62
612,350,65,62
612,349,65,62
611,349,65,62
611,349,65,62
611,350,65,62
611,350,65,62
610,350,65,62
610,350,65,62
610,350,64,62
610,348,65,62
610,347,64,62
610,348,64,62
610,349,64,62
610,349,64,61
608,350,64,61
609,350,64,61
609,350,64,61
607,347,64,61
607,347,64,61
607,347,64,61
605,349,63,60
605,350,63,61
603,352,62,60
603,352,63,60
603,352,63,60
602,348,63,60
602,348,63,60
602,348,63,60
602,348,63,60
602,348,63,60
602,351,63,60
602,352,63,60
602,352,63,60
602,350,63,60
602,350,62,60
602,350,63,60
602,347,62,60
602,348,63,60
601,349,62,60
601,350,63,60
601,349,62,60
601,351,62,60
600,350,62,59
601,351,62,59
599,348,62,60
599,348,62,60
598,348,62,60
599,348,62,60
599,348,62,60
598,349,62,59
598,350,62,59
598,349,62,59
597,348,62,59
598,349,62,59
597,348,62,59
597,348,62,59
597,348,62,59
597,351,61,59
597,351,61,59
596,351,61,59
596,350,61,58
597,350,61,58
595,350,61,58
596,350,61,58
596,349,61,58
594,351,61,58
594,351,61,58
594,351,61,58
593,350,61,58
592,349,60,58
591,349,60,58
591,349,60,58
590,349,60,58
590,351,60,58
590,351,60,58
590,351,60,58
591,349,60,57
591,350,60,58
593,349,61,58
594,349,60,58
593,348,60,58
595,351,60,57
595,352,60,57
595,352,60,57
595,350,60,57
595,350,60,57
595,348,60,57
595,348,60,57
595,348,60,57
595,351,59,57
595,351,59,56
595,351,59,56
596,351,59,56
596,351,59,56
597,348,59,56
597,348,59,56
597,348,59,56
597,349,59,56
597,349,59,56
597,349,59,56
597,350,58,56
597,351,58,56
597,347,58,56
597,348,58,56
597,348,59,56
597,349,58,56
597,349,58,56
597,349,58,56
597,349,58,56
597,350,58,56
597,347,58,56
597,347,58,56
597,347,58,56
596,346,58,56
597,347,58,56
597,346,58,56
596,347,58,56
597,347,58,56
596,346,58,56
596,345,57,55
596,345,59,56
595,348,58,56
595,349,58,56
595,348,58,56
594,349,57,55
594,349,58,56
593,348,58,56
593,347,58,56
593,348,58,56
592,350,57,55
592,350,57,55
592,350,58,56
591,351,57,55
591,351,57,55
591,347,57,55
590,347,57,55
590,347,57,55
589,347,56,54
589,347,57,55
589,347,56,54
588,351,57,55
588,351,56,54
588,352,56,54
587,349,56,54
587,349,56,54
588,349,56,54
588,349,56,54
588,349,56,54
590,349,56,54
589,349,56,54
590,349,56,54
590,348,56,54
590,348,56,54
591,347,56,54
591,347,56,54
591,347,56,54
591,348,56,54
591,348,55,54
591,349,56,54
591,349,56,54
590,349,55,53
591,346,55,53
591,346,54,53
592,347,54,53
592,349,54,52
592,349,54,52
592,348,54,52
592,347,54,52
592,347,54,52
592,346,54,52
592,346,54,52
592,346,54,52
593,348,54,52
593,348,54,52
593,348,54,52
593,347,54,52
593,347,54,52
593,344,53,52
593,344,53,51
593,344,53,51
594,347,53,51
594,347,53,51
595,347,52,51
594,347,53,51
595,348,53,51
595,347,52,51
595,346,52,50
596,347,52,50
596,348,52,50
596,348,52,50
596,348,52,50
597,349,52,50
597,349,52,50
597,347,52,50
598,347,52,50
598,347,52,50
598,349,51,50
598,349,51,50
598,349,51,50
599,350,51,50
599,350,51,50
599,348,51,50
599,348,51,50
599,348,51,50
600,350,51,50
600,350,50,49
600,350,50,49
600,351,51,50
600,352,51,50
601,350,50,49
601,350,51,50
601,350,51,50
601,349,51,50
601,349,51,50
601,348,51,50
601,349,50,49
601,349,50,49
602,346,50,49
602,346,50,49
602,346,50,49
602,347,50,49
601,347,50,49
601,347,50,49
601,350,50,49
601,350,50,49
601,348,50,49
601,348,50,49
601,348,50,49
601,346,50,49
602,345,50,49
602,345,50,49
602,349,49,49
601,349,49,48
601,350,49,48
601,349,49,48
601,349,49,48
601,346,49,48
601,346,49,49
601,345,49,48
601,346,50,49
601,346,49,48
600,348,49,48
600,348,49,48
600,348,49,48
599,347,49,48
599,347,49,48
599,348,49,48
598,348,49,48
597,348,49,48
597,348,49,48
597,349,49,48
597,348,49,48
597,349,49,48
597,349,49,48
597,349,49,48
597,349,49,48
596,349,49,48
597,347,49,48
597,347,49,48
597,347,49,48
597,345,48,48
597,345,49,48
597,345,48,48
597,349,49,48
597,349,49,48
597,349,49,48
597,349,49,48
597,349,49,48
597,349,49,48
597,349,49,48
597,349,49,48
597,350,49,48
597,350,48,48
598,350,49,48
598,349,48,47
598,350,49,48
598,346,48,48
599,347,49,48
598,346,48,48
598,346,48,47
599,347,48,47
599,347,48,47
599,347,48,47
599,347,48,47
600,347,48,47
600,347,48,47
600,347,48,47
601,348,48,47
601,347,48,47
602,346,48,47
602,346,48,47
602,346,48,47
602,345,48,47
602,346,48,47
602,345,48,47
602,346,48,47
603,346,48,47
603,346,48,47
603,346,48,47
603,347,48,47
603,346,48,47
603,346,48,47
603,346,48,47
603,347,48,47
603,347,48,47
603,347,48,47
603,347,48,47
603,347,48,47
603,347,48,47
603,347,48,47
604,348,48,47
604,347,48,47
604,347,48,47
604,347,47,46
604,347,47,46
604,348,47,46
604,347,47,46
604,347,47,46
604,347,47,46
604,348,47,46
604,347,47,46
604,348,47,46
604,347,47,46
604,348,47,46
604,345,47,46
603,346,47,46
603,346,47,46
603,347,47,46
603,347,47,46
603,347,47,46
603,348,46,46
603,348,46,45
603,347,46,45
603,346,46,45
603,347,46,45
603,347,46,45
603,347,46,45
604,348,46,45
604,348,45,44
604,348,45,44
605,347,45,44
605,347,44,44
605,348,44,44
605,348,44,43
605,348,44,43
605,350,44,43
606,350,44,43
606,350,44,43
605,348,44,43
605,348,44,43
605,348,44,43
605,350,44,43
605,350,43,43
604,350,43,42
605,350,43,42
604,350,43,42
604,348,43,42
604,348,43,42
604,348,43,42
604,349,43,42
604,349,43,42
604,350,43,42
604,350,43,42
604,350,43,42
604,349,43,42
604,349,43,42
604,349,43,42
604,349,43,42
605,350,43,42
604,349,43,42
605,349,43,42
605,350,43,42
605,348,43,42
605,347,43,42
605,348,43,42
605,347,43,42
605,347,43,42
605,349,43,42
604,349,43,42
605,349,43,42
604,347,43,42
604,347,42,42
604,347,42,41
605,349,42,42
604,349,43,42
604,350,42,41
604,349,42,41
604,349,42,42
604,348,43,42
604,348,43,42
604,348,43,42
605,349,43,42
605,349,43,42
605,349,43,42
606,347,43,42
606,346,44,43
606,346,44,43
607,346,43,42
607,347,43,42
608,348,43,42
608,348,43,42
608,348,43,42
608,348,43,42
608,348,43,42
609,347,43,42
609,347,43,42
609,348,43,42
609,349,43,42
609,349,43,42
609,349,43,42
610,348,43,42
610,348,43,42
610,347,44,43
611,347,44,43
610,347,43,42
612,348,44,43
611,348,44,43
611,348,44,43
613,344,43,42
613,344,44,43
614,345,43,42
614,346,43,42
614,346,43,42
615,348,43,42
615,348,43,42
615,348,43,42
616,347,43,42
616,346,43,42
617,345,43,42
617,345,43,42
617,345,43,42
619,347,43,42
619,346,43,42
619,346,42,41
620,346,42,42
620,346,43,42
621,346,42,41
621,346,42,41
622,346,42,41
622,346,42,41
622,346,42,41
622,347,42,41
623,346,42,41
623,346,42,41
624,346,42,41
624,346,42,41
624,346,42,41
626,345,42,41
626,345,42,41
626,345,42,41
627,345,42,41
627,345,42,41
628,346,42,41
628,346,42,41
628,346,42,41
628,346,42,41
628,346,42,41
628,346,42,41
626,345,42,41
626,345,42,41
623,346,41,40
623,346,41,40
623,346,41,40
620,346,41,40
621,346,41,40
620,346,41,40
620,343,41,40
618,345,41,40
617,347,41,40
618,348,40,39
617,347,41,40
616,347,41,40
616,346,41,40
616,346,41,40
615,345,41,40
615,345,41,40
614,346,41,40
614,345,41,40
614,346,41,40
613,345,41,40
614,345,40,39
614,345,40,39
613,344,40,39
613,344,40,39
613,346,40,39
613,346,40,39
613,346,40,39
612,345,39,38
612,345,39,38
612,345,39,38
612,344,39,38
612,344,39,38
612,345,39,38
612,345,38,37
612,345,38,37
612,344,39,38
612,343,38,37
612,343,39,38
612,346,39,38
612,345,39,38
612,346,39,38
612,346,39,38
612,346,38,37
612,345,38,37
612,345,38,37
613,345,38,37
613,346,38,37
613,346,38,37
613,348,38,37
613,348,38,37
614,348,38,37
614,345,38,37
614,346,38,37
614,345,38,37
614,346,38,37
614,346,38,37
614,346,38,37
614,346,38,37
614,346,38,37
614,346,38,37
614,346,38,37
614,346,38,37
615,347,38,37
615,347,38,37
615,347,38,37
616,346,38,37
616,347,37,37
616,346,37,36
617,346,37,36
617,347,37,36
618,347,37,36
617,347,37,36
618,347,37,36
618,347,37,36
618,347,37,36
618,344,37,36
618,344,37,36
618,344,37,36
617,344,37,36
617,344,37,36
618,346,37,36
618,346,37,36
618,346,37,36
618,347,37,36
618,347,37,36
617,347,36,35
617,346,36,35
617,347,37,36
616,345,36,35
617,345,36,35
616,345,36,35
615,347,36,35
616,347,36,35
615,347,36,35
615,347,36,35
615,347,36,35
616,344,36,35
616,344,36,35
616,344,36,35
616,345,36,35
616,345,36,35
616,345,36,35
616,348,36,35
616,348,36,35
616,347,36,35
616,346,36,35
616,346,35,34
616,347,35,34
616,347,35,35
616,347,35,35
617,349,36,35
616,348,35,34
616,349,35,34
616,349,35,34
616,349,35,34
617,350,35,34
617,350,35,34
617,350,35,34
616,350,35,34
616,349,35,34
616,348,35,34
616,348,35,34
616,348,34,33
615,348,34,33
615,348,34,33
615,348,34,33
614,348,34,33
614,348,34,33
613,348,34,33
613,348,34,33
613,348,34,33
613,350,34,33
613,350,34,33
613,350,34,33
612,349,34,33
612,349,34,33
611,348,34,33
611,348,34,33
612,348,34,33
611,347,34,33
611,347,34,33
611,347,34,33
611,346,34,33
611,347,34,33
611,347,34,33
611,346,34,33
611,346,34,33
611,348,34,34
612,348,34,33
611,348,34,33
612,348,34,33
612,348,34,33
612,348,34,33
611,348,34,33
612,348,33,32
611,348,33,32
611,349,33,33
611,349,34,33
610,346,34,33
610,346,34,33
610,346,34,33
609,345,34,33
610,345,34,33
609,348,34,33
609,347,34,33
609,347,34,33
608,348,34,33
608,348,34,33
607,347,34,33
608,348,34,33
608,348,34,33
607,347,34,33
607,348,34,33
607,348,34,33
608,346,34,33
608,346,34,33
608,346,34,33
608,347,34,33
608,347,34,33
608,348,34,33
608,348,34,33
608,348,34,33
612,348,34,33
612,348,34,33
611,348,34,33
611,347,34,33
612,347,34,33
612,349,34,33
612,349,34,33
612,348,33,32
612,348,33,32
612,348,33,32
612,348,33,32
613,347,33,32
613,347,33,32
613,347,33,32
613,346,33,32
613,346,33,32
613,347,33,32
613,347,33,32
613,347,33,32
613,347,33,32
613,347,33,32
614,347,33,32
614,348,32,32
614,348,32,32
613,348,32,32
613,348,32,32
613,348,32,32
613,348,32,32
613,348,32,31
613,348,32,31
613,348,32,31
613,348,32,31
613,347,32,31
614,348,32,31
614,348,32,31
614,346,32,31
614,346,32,31
614,347,32,31
613,346,32,31
614,347,32,31
614,348,32,31
614,348,32,31
614,348,32,31
614,348,32,31
614,348,32,31
614,349,32,31
614,349,32,31
614,349,32,31
615,349,32,31
614,349,31,30
615,349,31,30
615,348,31,30
615,348,31,30
615,349,32,31
614,349,32,31
615,348,31,30
616,348,31,30
616,348,31,30
616,348,31,30
617,348,31,30
616,348,31,30
617,348,31,30
617,348,31,30
617,348,31,30
617,348,31,30
617,348,31,30
617,348,31,30
616,348,32,31
614,346,33,32
613,346,33,32
614,346,33,32
613,345,34,32
613,345,34,33
613,346,33,32
612,345,34,33
612,346,34,33
612,346,34,33
612,347,33,32
612,347,33,32
612,347,33,32
613,346,33,32
612,346,33,32
612,346,33,32
613,347,33,32
613,346,33,32
614,346,34,33
614,346,34,33
614,346,34,33
614,343,34,33
615,344,33,32
615,344,33,32
615,344,33,32
615,344,33,32
617,347,33,32
618,348,33,32
618,348,33,32
619,345,32,31
619,345,32,31
619,345,32,31
620,346,33,32
620,345,33,32
620,346,33,32
621,347,33,32
621,347,33,32
622,346,33,32
622,347,33,32
622,346,33,32
623,345,33,32
624,345,33,32
624,347,33,32
624,347,33,32
624,347,33,32
624,346,33,32
624,346,33,32
624,346,33,32
624,347,33,32
624,347,33,32
622,347,33,32
622,347,33,32
623,347,33,32
620,344,33,32
621,346,33,32
622,346,33,32
621,346,33,32
621,346,33,32
620,346,33,32
620,346,33,32
620,346,33,32
620,346,33,32
620,346,33,32
620,346,33,32
620,347,33,32
620,346,33,32
619,346,33,32
619,346,33,32
620,346,33,32
620,346,33,32
620,346,33,32
620,346,33,32
619,347,33,32
619,347,33,32
619,345,33,32
619,345,33,32
619,345,33,32
619,345,33,32
619,346,34,33
618,345,33,32
618,348,33,32
619,348,33,32
618,347,33,32
618,347,33,32
618,347,33,32
618,348,33,32
618,348,33,32
618,348,33,32
618,348,33,32
618,348,33,32
618,347,33,32
618,347,33,32
618,347,33,32
618,347,33,32
618,348,33,32
618,348,33,32
618,348,33,32
618,348,33,32
618,346,33,32
618,346,34,33
618,345,34,33
618,347,34,33
618,347,34,33
618,346,34,33
617,347,34,33
618,348,34,33
618,348,34,33
617,348,33,32
617,347,33,32
617,348,34,33
617,348,34,33
618,348,34,32
618,348,33,32
618,348,33,32
619,345,33,32
618,345,33,32
618,345,33,32
618,346,33,32
618,346,33,32
618,346,33,32
617,347,33,32
617,347,33,32
616,346,33,32
616,346,33,32
616,346,33,32
615,346,33,32
615,346,33,32
615,347,33,32
613,348,33,32
614,348,33,32
613,348,33,32
612,348,33,32
612,348,33,32
612,348,33,32
612,348,33,32
612,348,33,32
611,348,33,32
612,348,33,32
611,347,33,32
611,347,33,32
611,348,33,32
611,349,33,32
611,349,33,32
611,349,33,32
611,349,33,32
612,349,33,32
612,347,33,32
612,347,33,32
612,347,33,32
612,348,33,32
612,348,33,32
612,348,33,32
613,347,33,32
612,346,33,32
612,348,33,32
612,348,33,32
612,348,33,32
612,349,33,32
612,349,33,32
612,349,33,32
612,349,33,32
612,349,33,32
612,349,33,32
612,349,33,32
612,349,33,32
612,350,33,32
612,350,32,31
612,350,32,31
611,349,32,31
612,349,32,31
613,349,32,31
613,349,32,31
612,348,32,31
613,350,33,32
613,350,33,32
612,350,33,32
614,349,33,32
614,349,33,32
614,349,33,32
614,350,33,32
614,350,33,32
614,350,33,32
614,350,33,32
614,350,33,32
615,349,33,32
615,349,33,32
614,349,33,32
614,349,33,32
615,350,33,32
614,350,33,32
614,350,33,32
614,350,33,32
614,349,33,32
614,349,33,32
614,349,33,32
614,350,33,32
614,350,34,32
614,351,34,33
614,351,34,33
614,351,34,33
614,351,34,33
614,351,34,33
614,350,33,32
614,351,33,32
614,351,33,32
614,349,33,32
614,349,33,32
614,349,33,32
614,349,34,33
614,349,34,33
614,349,34,33
614,351,34,33
613,351,34,33
613,350,34,33
613,350,34,33
613,350,34,33
613,351,34,33
613,351,34,33
613,351,34,33
612,353,34,33
612,353,34,33
611,352,34,32
610,352,34,33
610,352,34,33
609,350,34,33
609,350,34,33
610,350,34,33
609,346,34,33
609,346,34,33
608,345,34,33
608,345,34,33
608,345,34,33
607,350,34,33
607,350,34,32
607,350,34,33
606,351,33,32
606,351,33,32
605,350,33,32
605,351,33,32
606,351,33,32
604,353,33,32
604,353,33,32
604,353,33,32
603,348,33,32
603,348,33,32
603,346,33,32
603,346,34,33
603,346,34,33
603,351,34,33
604,351,34,33
603,350,34,32
603,349,34,33
603,349,34,33
605,351,34,33
604,351,34,33
604,351,34,33
605,352,34,33
605,352,34,33
605,352,34,33
606,349,34,33
606,349,34,33
606,348,33,32
606,348,33,32
606,348,33,32
606,349,34,33
607,350,34,33
606,349,34,33
607,349,34,33
607,349,34,33
608,350,34,33
608,350,33,34
608,351,34,33
610,351,34,33
610,351,34,33
610,350,34,33
611,350,34,33
611,350,34,33
613,352,33,32
613,352,33,32
613,352,33,32
615,350,33,32
615,350,33,32
615,350,33,32
615,348,33,32
615,348,33,32
615,350,33,32
615,350,33,32
615,350,33,32
615,350,33,32
614,350,33,32
614,350,33,32
614,349,33,32
614,349,33,32
615,349,33,32
614,348,34,33
614,348,34,33
614,350,34,33
614,349,35,33
615,350,34,33
615,350,34,33
615,350,34,33
616,349,34,33
616,349,34,33
616,349,34,33
617,346,34,33
616,345,34,33
617,345,34,33
617,348,34,33
617,348,34,33
616,349,35,34
617,350,34,33
616,349,34,33
617,347,35,34
617,347,34,33
616,346,34,33
616,347,35,34
616,347,35,34
616,348,35,34
616,348,35,34
615,347,35,34
615,345,35,34
615,345,35,34
615,345,35,34
615,348,35,34
614,348,35,34
615,347,35,34
614,347,35,34
615,347,35,34
614,348,35,34
615,348,35,34
615,348,34,33
614,351,35,34
614,351,35,34
615,348,35,34
615,348,34,33
615,348,34,33
614,345,35,34
615,345,35,34
615,346,35,34
614,349,35,34
614,349,35,34
614,346,35,34
614,346,34,33
613,345,35,34
613,348,35,33
613,348,35,34
613,348,35,34
613,350,35,34
613,350,35,34
613,346,34,33
613,346,34,33
613,346,34,33
613,348,34,33
614,348,34,33
614,348,34,33
614,349,34,33
614,348,34,33
615,346,34,33
615,346,34,33
615,346,34,33
615,347,34,33
615,347,34,33
615,347,34,33
616,349,34,33
616,348,34,33
616,347,34,33
617,348,34,33
616,347,35,34
617,347,35,34
617,347,35,34
617,347,35,34
617,348,35,34
617,348,35,34
617,346,35,34
617,346,35,34
617,346,35,34
617,348,35,34
617,349,36,35
617,349,36,35
617,349,36,35
617,349,36,35
616,347,36,35
616,347,36,35
616,347,36,35
615,348,36,35
615,348,36,35
616,348,36,35
615,348,36,35
614,348,36,35
614,348,36,35
614,348,36,35
615,348,36,35
614,349,36,35
616,351,34,33
616,351,33,33
615,348,34,33
615,348,34,33
615,348,34,33
615,348,34,33
615,348,34,33
615,351,34,33
615,350,34,33
615,350,34,33
614,348,34,33
614,348,34,33
615,349,34,33
614,348,34,33
614,348,34,33
613,351,35,34
614,352,35,34
613,351,35,34
614,351,34,33
614,351,34,34
614,351,35,34
613,350,35,34
613,350,35,34
613,351,35,34
613,351,35,34
614,351,35,34
614,350,35,34
614,350,35,34
614,351,35,34
614,350,35,34
615,351,35,34
615,351,35,34
614,351,35,34
614,351,35,34
614,350,36,35
614,350,36,35
614,350,36,35
615,350,36,35
615,350,36,35
616,350,36,35
618,350,36,35
618,350,36,35
618,350,36,35
618,350,36,35
618,350,36,35
620,353,37,36
620,353,36,36
621,353,37,36
621,353,37,36
621,353,38,36
624,351,38,36
623,350,38,36
623,350,38,36
626,352,39,37
625,352,39,37
628,353,39,37
628,353,39,37
628,353,39,37
631,350,39,37
631,350,40,38
631,350,39,37
633,351,40,38
633,351,40,38
636,351,40,38
636,351,40,38
636,351,40,38
639,351,40,38
639,351,40,38
639,351,40,38
644,352,40,39
644,352,39,38
650,350,39,38
650,350,39,38
650,350,40,39
654,349,41,40
653,349,41,40
654,349,41,40
656,351,42,41
656,350,42,41
658,350,42,41
660,352,41,40
660,352,41,40
660,351,42,41
660,351,43,42
660,351,42,41
662,350,43,42
662,350,43,42
666,349,43,42
666,349,43,42
666,349,43,42
668,349,43,42
668,349,43,42
668,349,43,42
669,351,43,42
669,350,44,43
671,352,44,43
671,352,45,44
671,352,45,44
673,352,45,44
674,353,45,44
674,353,45,44
676,351,45,44
676,352,45,44
678,351,46,45
679,351,46,45
678,351,46,45
681,350,47,46
681,351,47,46
681,351,47,45
683,349,47,46
684,350,47,46
685,352,48,47
686,352,48,47
686,352,48,47
687,351,49,48
688,351,49,48
687,351,50,49
689,349,51,50
689,349,51,50
691,351,51,50
691,351,52,50
691,351,52,51
694,349,52,51
694,348,52,51
694,349,52,51
696,348,53,52
695,347,54,52
697,349,55,53
697,349,55,53
697,348,55,54
699,349,55,54
699,349,55,54
699,349,55,54
700,348,56,55
700,348,57,56
702,348,57,56
702,349,57,56
702,348,58,56
704,347,59,57
704,348,59,57
704,348,58,56
707,350,59,57
706,350,60,58
708,349,61,59
708,348,62,60
709,348,62,60
712,347,63,61
711,347,63,61
711,347,63,61
713,349,66,61
713,349,66,61
715,350,65,60
715,350,67,62
716,350,66,61
719,351,67,62
718,351,69,62
718,351,69,62
720,351,72,63
720,350,72,65
722,350,73,66
722,350,73,66
722,350,74,67
725,352,76,68
724,353,76,69
724,352,76,68
727,352,77,70
727,351,79,70
730,352,81,71
730,351,81,72
730,351,81,72
733,353,86,75
733,353,86,75
733,353,85,74
738,352,88,77
738,351,89,78
742,351,94,81
742,351,95,81
742,351,94,82
748,351,97,82
747,351,99,85
747,351,99,85
752,350,102,88
751,350,104,89
757,352,112,92
757,352,112,92
757,352,112,92
764,352,117,96
763,351,118,97
764,352,118,97
772,355,124,102
770,354,126,103
777,355,131,107
778,356,132,108
777,355,133,109
787,355,143,114
787,355,143,114
786,354,143,114
797,357,149,119
796,356,152,121
807,358,158,126
806,356,166,131
806,356,165,130
819,360,181,135
816,358,184,140
817,358,182,139
830,363,199,150
831,364,197,149
846,365,221,159
846,365,221,159
846,365,221,159
867,365,244,173
860,364,251,176
861,364,250,175
881,366,284,198
884,365,279,194
908,372,323,217
909,370,320,221
909,370,320,221
934,380,346,250
939,382,341,244
940,382,340,243
976,385,304,285
