381,464,356,226
381,464,356,226
380,464,356,226
380,463,356,226
383,463,353,224
382,461,354,225
383,462,351,223
382,462,352,224
381,461,350,222
384,462,346,220
383,461,343,218
382,460,342,217
383,462,344,219
383,462,345,219
383,461,346,220
379,454,340,216
379,453,338,215
381,456,338,214
380,453,337,214
378,453,338,214
378,453,338,215
386,429,332,211
387,429,330,210
390,432,330,209
389,432,330,210
393,433,327,209
393,433,327,209
393,433,328,209
393,433,327,209
394,434,329,210
391,437,319,209
393,440,317,205
391,439,317,204
391,440,314,205
391,440,316,205
385,463,310,201
386,463,307,200
386,463,307,200
386,463,307,200
386,463,307,200
386,463,307,200
386,466,294,194
385,466,298,194
384,466,298,194
384,466,298,194
384,466,295,194
384,466,294,194
384,466,295,194
383,469,282,191
382,469,287,189
382,469,287,189
382,469,287,189
382,469,287,189
381,468,285,188
381,468,282,186
382,469,281,185
381,467,281,185
380,467,280,185
382,468,281,185
380,467,281,185
381,464,276,182
381,464,275,181
382,465,271,181
383,466,269,180
382,466,270,180
381,464,265,177
380,464,265,177
381,465,265,177
380,464,265,177
381,465,265,177
380,464,265,177
377,462,262,175
378,463,260,174
377,461,261,174
376,461,261,174
376,461,261,175
375,461,259,173
376,461,257,172
376,462,259,173
376,462,257,171
376,461,257,172
373,462,258,172
370,462,254,171
370,462,254,171
370,462,254,171
370,462,254,171
370,461,252,170
371,460,251,169
370,460,248,167
372,461,246,165
371,461,249,168
370,460,251,169
370,460,248,167
371,463,245,165
370,463,246,166
371,464,243,164
370,463,245,165
370,464,249,166
371,465,250,167
371,465,250,166
371,465,249,166
371,465,250,167
371,465,249,166
371,465,250,167
369,468,249,166
370,468,249,166
370,468,252,168
368,467,252,168
369,463,252,168
369,462,252,168
368,462,252,168
368,461,252,168
368,462,252,168
369,462,252,168
368,468,254,169
368,468,258,172
367,468,259,173
369,468,254,169
368,468,254,169
367,466,255,170
368,467,255,170
368,468,256,170
367,466,259,173
366,466,256,171
366,466,256,171
366,467,256,171
366,467,256,171
366,467,256,171
366,467,256,171
366,467,256,171
366,467,256,171
365,468,259,173
364,468,259,173
364,468,259,173
364,468,259,173
366,470,259,173
365,469,262,175
364,463,267,178
364,462,267,178
364,462,267,178
364,461,265,175
364,461,264,174
364,461,264,175
364,461,264,174
364,454,266,176
365,454,267,176
363,453,267,176
364,453,265,175
363,402,267,176
364,403,265,175
362,402,267,176
363,402,264,177
364,403,263,177
363,403,265,177
365,403,264,177
355,415,264,179
354,413,262,179
356,414,259,177
356,415,262,179
356,414,262,179
353,427,261,178
353,427,260,177
353,427,259,177
355,429,259,177
353,428,262,179
345,438,262,179
346,439,262,179
346,439,262,179
346,437,260,178
346,437,260,178
347,438,256,175
349,435,258,176
348,433,258,177
348,433,261,178
348,433,259,177
348,433,261,179
348,433,263,180
347,434,259,177
347,435,260,178
348,435,258,176
347,434,258,176
347,434,258,176
345,432,257,176
346,432,257,176
347,433,257,176
347,433,257,176
347,433,256,175
345,438,254,174
345,436,247,173
345,436,247,173
345,436,247,173
345,436,247,173
345,436,247,173
340,435,246,172
338,433,246,172
338,433,244,171
339,434,242,170
338,434,242,170
331,432,242,170
331,431,242,170
334,431,234,168
334,431,234,168
334,431,234,168
334,431,234,168
334,430,232,166
332,429,235,169
333,429,232,167
333,429,232,166
332,429,235,168
332,429,236,169
330,429,232,166
331,431,229,164
331,431,227,163
330,430,228,164
331,431,228,163
331,431,228,164
327,423,227,163
328,422,223,160
329,424,221,159
329,424,221,158
328,423,220,158
324,424,215,155
324,424,214,153
323,425,213,153
324,426,213,153
324,426,213,153
325,427,213,154
317,424,207,155
316,422,207,155
316,422,207,155
316,422,207,155
318,424,208,155
319,425,207,155
314,418,204,152
313,417,202,151
313,417,202,152
313,417,203,152
313,418,203,152
315,419,201,151
316,420,199,149
316,419,199,149
316,419,199,149
315,418,199,149
315,419,198,148
315,420,196,147
318,413,193,145
318,414,195,146
318,414,194,145
318,413,192,144
319,415,193,144
319,413,190,143
319,413,190,143
319,413,190,143
319,412,190,142
319,412,188,140
319,412,187,140
319,410,186,139
320,411,187,140
321,412,186,139
320,411,187,140
321,405,185,145
323,401,183,143
323,401,182,143
325,403,182,143
326,403,181,142
330,404,180,141
330,404,180,141
330,404,180,141
329,403,180,141
329,403,179,141
330,403,179,140
333,403,176,138
333,403,176,138
333,403,176,138
333,403,176,138
333,403,176,138
333,403,176,138
333,403,176,138
339,403,174,136
339,403,173,136
339,403,173,136
339,403,173,136
338,403,173,136
338,403,173,136
342,411,171,134
342,411,171,134
342,410,170,134
342,410,170,134
342,410,170,134
343,411,168,132
343,411,168,132
343,411,168,132
342,411,168,132
344,412,167,132
344,412,168,132
351,406,166,131
351,406,166,131
350,405,166,130
350,405,166,130
351,406,166,130
352,410,164,129
353,410,164,129
353,410,164,129
352,410,164,129
352,410,164,129
354,407,163,128
354,407,162,128
355,407,162,127
354,407,162,127
355,407,162,127
355,407,162,127
359,407,161,127
360,408,161,127
361,408,161,127
361,408,161,127
361,408,161,127
361,408,161,127
363,403,157,125
363,403,158,125
363,403,156,124
363,403,156,124
363,403,156,124
371,401,156,124
370,400,155,123
370,400,155,123
370,400,155,123
370,400,155,123
370,400,155,123
373,407,154,122
374,407,154,122
374,407,154,122
374,407,154,122
374,407,152,121
374,402,151,120
374,402,151,120
375,403,151,121
374,402,151,120
375,403,151,120
374,402,151,120
376,405,151,120
377,405,151,120
376,405,151,120
377,405,151,120
376,405,151,120
376,407,150,120
375,407,150,119
374,406,151,120
375,407,150,119
375,407,150,119
376,408,150,119
378,409,149,119
377,409,149,119
377,408,150,119
378,409,149,119
379,408,148,118
379,407,148,117
380,408,148,118
380,408,148,118
380,408,148,117
380,408,148,118
382,411,147,117
382,412,146,116
381,411,146,116
381,411,146,116
382,411,146,116
383,410,146,116
383,411,146,116
383,410,146,116
383,410,146,116
384,410,146,116
383,411,146,116
381,413,146,116
381,414,146,116
380,413,146,116
381,414,146,116
381,414,146,116
381,413,145,115
382,414,144,115
382,414,144,115
382,414,144,115
382,414,144,115
382,414,144,115
381,412,144,114
381,411,143,114
381,411,143,114
381,412,143,114
381,412,143,114
381,412,143,114
379,413,143,114
378,413,142,113
378,413,141,113
379,413,142,113
378,412,142,113
378,412,142,113
378,408,141,112
378,408,141,112
378,408,141,112
378,408,141,112
378,408,141,112
376,409,140,112
377,410,140,112
376,410,140,112
377,410,140,112
376,410,140,112
372,410,140,112
371,409,140,112
370,409,140,112
371,410,140,112
371,410,140,112
374,408,140,111
374,408,138,110
375,407,138,110
375,408,139,110
375,407,138,110
366,412,138,110
366,412,137,109
366,412,136,108
366,412,136,108
366,412,136,108
366,412,136,108
361,410,134,107
360,409,134,106
361,410,134,106
361,410,134,106
361,410,134,106
361,410,134,106
362,410,134,106
354,410,132,105
355,410,131,103
354,409,130,103
353,409,132,104
355,410,131,104
357,410,131,103
349,412,129,101
348,412,130,102
348,411,130,102
349,412,130,102
349,412,130,102
340,428,127,100
340,429,126,99
340,429,126,99
340,429,126,99
340,429,126,99
330,437,127,100
334,435,128,101
334,435,128,101
333,434,128,101
333,434,128,101
333,434,127,100
330,432,125,99
330,432,126,99
329,432,126,99
330,433,126,100
330,433,126,100
329,432,126,100
329,432,126,100
319,427,125,98
320,428,125,99
320,428,125,99
320,428,124,98
308,413,124,100
308,413,124,100
308,413,124,100
308,413,124,100
308,413,124,100
308,413,124,100
307,406,123,99
307,406,123,99
307,406,123,99
307,406,123,99
307,406,123,99
307,406,123,99
307,406,123,99
291,402,123,99
292,403,122,99
292,403,122,98
291,402,122,99
292,403,122,98
292,400,122,98
292,400,122,98
292,400,122,98
292,400,121,98
293,401,120,97
293,402,120,97
280,407,120,97
281,407,120,97
280,406,120,97
280,407,120,97
281,406,120,97
280,407,120,97
278,396,120,97
280,398,119,96
281,398,119,96
280,396,120,96
280,397,120,96
290,403,121,97
289,403,121,97
288,403,121,97
288,403,121,97
288,403,121,97
288,403,121,97
294,404,121,98
294,405,121,97
294,404,121,97
294,404,120,97
294,405,120,97
310,421,122,99
311,421,122,99
310,421,123,99
310,421,123,99
310,420,123,99
311,420,123,99
328,417,122,99
328,417,122,99
327,418,122,98
327,418,122,98
327,418,122,99
326,418,122,99
326,418,122,99
318,411,124,100
317,410,125,101
317,410,125,101
318,411,125,101
317,410,125,101
317,410,125,101
325,351,126,102
325,352,126,102
325,352,126,102
325,352,126,102
325,352,126,102
330,372,125,101
330,373,124,101
331,374,125,101
331,374,125,101
331,373,125,101
322,403,125,101
321,403,128,103
322,403,127,102
321,402,127,102
321,402,127,102
321,402,127,102
317,379,128,103
318,379,128,103
318,380,128,104
318,379,130,105
318,379,130,105
318,379,130,105
318,379,130,105
309,372,130,105
309,372,131,106
309,371,130,105
310,372,130,105
309,372,131,106
298,372,132,106
298,372,132,107
297,371,132,106
297,372,132,107
297,371,132,106
298,372,132,107
296,375,133,107
296,375,133,108
295,374,134,108
296,375,134,108
296,375,134,108
291,374,135,109
291,373,136,110
291,373,136,110
290,372,136,110
291,373,136,110
289,376,137,111
288,376,138,112
289,377,138,112
288,376,139,112
288,376,139,112
299,379,140,113
296,382,139,110
292,379,138,110
293,380,139,110
292,379,138,110
293,380,139,110
296,381,139,111
296,381,139,111
296,381,139,111
297,382,139,111
296,381,139,111
303,396,140,111
303,395,139,111
303,395,140,111
303,396,141,112
302,395,142,113
308,410,144,115
307,410,144,115
308,410,144,115
308,409,144,115
306,408,145,115
296,416,152,119
293,416,152,119
295,416,152,119
293,416,152,119
293,416,153,119
292,415,153,120
291,414,154,120
300,416,156,122
299,416,156,122
299,415,157,123
298,415,156,122
299,415,157,123
298,415,157,123
305,419,159,124
305,419,159,125
305,419,161,125
303,419,161,125
304,419,161,125
300,415,162,126
300,415,161,125
300,415,162,126
300,414,161,125
299,414,161,126
300,414,162,126
306,409,164,128
307,409,164,128
306,409,165,129
306,409,164,128
306,409,165,129
303,411,166,130
302,410,168,131
303,410,168,131
303,410,166,129
303,410,167,130
308,414,168,131
308,414,169,131
308,414,169,131
308,414,169,131
308,414,169,131
309,414,170,132
307,413,172,134
306,413,172,134
306,413,172,134
306,413,170,133
307,413,171,133
309,413,169,132
309,413,169,132
308,413,171,133
308,413,171,133
308,413,172,134
308,412,172,134
307,410,173,135
306,410,172,134
306,410,172,134
307,410,172,134
307,410,173,135
307,409,173,134
307,410,176,137
313,413,177,138
314,413,177,138
313,413,177,138
313,413,177,138
313,414,177,138
311,405,177,138
311,405,177,138
311,405,177,138
311,405,177,138
311,405,177,138
311,406,177,138
312,410,177,138
312,410,177,138
312,410,177,138
312,410,177,138
312,410,177,138
309,410,177,138
309,410,177,138
309,410,177,138
309,410,177,138
310,411,177,138
315,415,177,138
315,415,177,138
315,415,177,138
315,415,175,136
315,415,175,136
315,415,177,138
312,417,175,136
312,417,175,136
312,417,175,136
312,417,175,136
311,416,175,136
312,417,175,136
311,417,175,136
305,424,172,134
305,424,172,134
305,424,172,134
305,424,172,134
305,424,172,134
305,424,172,134
308,424,172,134
308,424,172,134
308,424,172,134
308,424,172,134
307,424,172,134
307,424,172,134
310,425,171,133
310,425,172,134
310,426,172,134
310,425,172,134
310,426,171,133
306,424,170,132
305,423,171,133
306,424,170,133
306,424,170,133
306,424,170,133
301,422,170,133
301,421,171,133
301,421,169,132
300,421,169,131
301,421,169,131
303,425,169,132
303,425,170,132
303,425,167,130
303,426,169,131
303,425,168,131
308,427,165,129
309,427,165,129
309,428,166,130
309,428,166,129
309,428,166,130
309,428,166,129
306,428,166,129
306,428,163,127
306,428,163,127
306,428,164,128
305,428,165,128
306,428,163,127
304,426,163,127
304,426,163,127
304,426,162,126
304,426,162,126
304,426,163,127
305,425,162,126
306,426,161,126
306,425,161,126
305,425,162,126
305,425,162,126
306,425,160,125
306,425,159,124
306,425,159,124
306,426,158,123
306,426,158,123
306,426,158,123
307,428,158,123
307,428,158,123
307,428,158,123
308,428,158,123
307,428,158,123
307,428,158,123
305,427,157,122
305,427,157,122
306,427,157,124
306,427,157,124
306,427,157,124
305,427,157,124
306,429,156,123
306,429,156,123
306,429,154,122
306,429,156,123
306,429,156,123
306,430,155,123
308,431,155,122
308,431,155,122
308,431,155,122
306,426,155,122
306,425,154,121
306,425,153,121
307,426,153,121
306,426,152,120
306,426,152,120
303,426,151,119
301,425,151,119
301,425,151,119
301,425,150,118
301,425,150,119
302,426,150,119
302,426,150,119
304,432,149,117
303,431,149,118
304,432,149,118
303,431,149,118
303,431,149,118
304,432,149,117
306,431,148,117
307,432,147,116
307,432,147,116
307,432,147,116
307,432,147,116
300,440,145,114
300,439,145,114
300,439,145,114
300,439,145,114
300,439,145,114
300,439,145,114
302,432,144,114
302,432,144,114
302,432,144,114
302,432,144,114
302,432,144,114
302,432,144,114
302,432,144,114
300,435,142,112
299,435,142,112
299,434,142,112
298,434,143,113
299,435,143,113
300,435,142,112
297,434,141,111
297,435,140,111
296,433,141,111
296,433,141,111
297,435,140,111
296,434,141,111
294,430,139,110
293,429,139,110
293,429,140,110
294,430,139,110
294,430,139,109
294,430,138,109
294,430,138,109
296,434,137,108
295,433,138,109
294,433,138,109
294,432,138,109
294,432,138,109
294,432,138,109
294,432,138,109
290,432,137,108
290,432,137,108
290,432,136,108
291,433,136,108
291,433,135,107
291,427,134,106
291,427,134,106
290,426,135,107
290,425,135,107
291,426,135,107
291,427,134,106
288,426,133,105
288,427,132,105
286,425,134,106
286,425,134,106
286,425,134,106
286,429,131,103
286,429,131,103
286,429,132,104
286,429,132,104
286,429,132,104
286,429,131,103
285,429,131,103
287,430,130,102
286,429,130,102
285,429,130,102
285,429,130,102
285,429,129,102
286,430,128,100
285,428,128,101
286,429,128,100
285,428,128,101
286,429,128,100
283,431,128,101
284,433,127,100
284,433,127,100
283,432,128,101
282,432,128,101
284,435,126,99
284,435,126,99
282,434,126,99
282,435,126,99
284,436,125,99
282,434,126,99
282,435,126,99
279,436,124,98
277,435,125,98
278,436,125,98
278,436,125,98
277,435,125,98
278,430,124,98
279,430,123,97
278,429,124,97
278,429,124,97
278,429,124,97
278,429,124,97
280,434,123,97
281,435,123,97
281,435,123,96
280,434,123,97
280,434,123,97
280,434,124,97
283,431,122,96
282,430,123,97
282,430,123,97
282,430,123,97
282,430,123,97
282,430,123,97
279,435,122,96
279,436,122,96
280,436,121,95
279,435,121,95
279,435,121,95
279,435,121,95
278,432,121,95
279,433,121,95
279,433,121,95
279,433,121,95
279,433,121,95
277,435,120,94
277,435,120,94
277,435,119,94
275,434,121,95
276,435,120,94
271,430,120,94
271,430,119,94
271,430,119,94
271,430,119,93
272,431,119,94
271,430,119,93
272,431,119,94
271,430,119,93
272,437,118,93
273,437,117,92
272,437,119,93
272,437,119,93
272,437,119,93
272,438,117,92
271,437,118,93
271,438,117,92
271,437,118,93
271,438,117,92
269,437,116,92
268,436,117,92
269,437,116,92
268,436,117,92
269,437,116,91
268,436,117,92
271,437,117,92
271,437,117,92
271,437,117,92
271,437,117,92
271,437,117,92
271,437,117,92
270,436,115,91
269,436,116,92
271,434,115,92
271,434,115,92
271,434,115,92
271,434,114,91
271,434,114,91
271,434,114,91
271,434,114,91
271,434,114,91
271,434,114,91
271,434,114,91
268,434,114,91
268,434,114,91
268,434,114,91
268,434,114,91
267,434,115,92
265,433,114,91
265,433,113,91
265,432,113,91
265,432,113,91
265,432,113,91
265,432,113,91
262,433,115,92
263,434,113,91
263,434,113,91
263,434,113,91
263,434,113,91
264,443,113,91
264,443,113,91
264,443,113,91
264,443,113,91
264,443,113,91
262,443,113,91
261,442,113,91
261,443,113,91
262,443,113,91
262,443,113,91
262,443,113,91
261,434,113,90
261,434,113,91
261,434,113,90
261,434,113,90
261,434,113,90
261,434,113,90
258,432,112,90
258,433,112,90
258,433,112,90
258,433,112,90
258,433,112,90
258,433,112,90
253,425,112,89
253,425,111,89
252,424,113,90
252,425,112,89
254,421,111,89
255,421,111,89
255,422,111,89
254,421,112,90
254,421,112,90
255,421,111,89
253,420,110,88
253,420,110,88
253,420,110,88
253,420,110,88
253,420,110,88
253,420,110,88
249,419,110,88
249,419,109,87
249,419,109,87
249,419,109,87
249,419,109,87
249,419,109,87
250,419,107,86
248,418,108,86
248,418,108,86
249,418,108,86
249,418,108,86
249,420,107,85
248,419,107,86
248,420,107,85
248,419,107,86
248,420,106,85
244,418,110,86
242,427,108,85
241,427,109,85
241,426,109,85
241,427,110,86
241,427,110,86
241,427,110,86
241,416,108,85
241,416,107,84
240,415,108,85
241,416,107,84
240,415,108,85
240,421,106,83
240,421,106,83
240,421,106,83
240,421,106,83
239,422,105,82
238,421,105,82
238,421,105,82
239,422,104,81
239,422,104,81
238,421,105,82
237,426,103,80
236,426,104,81
237,427,103,80
237,427,103,80
237,427,103,80
232,432,101,79
232,431,102,80
231,431,102,80
232,431,102,79
232,431,102,79
231,432,101,79
232,433,100,78
231,432,101,79
231,432,100,78
232,433,100,78
231,433,100,78
230,432,100,78
230,432,100,78
231,433,99,77
230,433,99,78
231,433,99,77
230,433,99,78
231,433,99,77
230,440,97,76
229,439,98,76
230,440,97,76
229,440,97,76
229,439,97,76
229,442,96,75
229,442,96,75
229,443,96,75
229,443,96,75
229,443,96,75
229,445,95,74
228,445,94,74
228,445,95,74
228,445,95,74
228,445,95,74
228,445,95,74
227,445,93,72
227,445,92,72
226,445,92,72
226,445,92,72
226,445,92,72
226,446,91,71
226,445,90,71
225,445,91,71
225,445,92,72
225,444,92,72
223,440,90,70
223,441,90,70
223,441,90,70
223,441,90,70
223,441,90,70
220,436,89,70
220,436,89,70
221,437,88,69
221,437,88,69
221,437,88,68
220,437,88,69
219,431,87,68
218,430,87,68
218,430,88,68
218,430,88,68
218,430,88,68
215,431,87,68
216,432,86,67
215,432,85,67
214,432,86,68
215,432,85,67
214,432,86,68
210,429,85,67
211,430,84,65
210,429,85,66
210,429,85,66
210,429,85,66
208,430,83,65
208,430,82,64
208,430,82,64
208,430,82,64
208,430,82,64
207,429,81,63
206,429,81,63
206,429,80,63
206,429,81,63
206,429,80,63
205,429,80,62
204,428,80,62
205,429,79,62
204,428,79,62
204,428,80,62
203,430,79,62
203,431,78,61
202,431,78,61
202,431,78,61
202,431,78,61
203,431,78,61
200,432,78,61
200,432,78,61
200,432,78,61
201,433,77,60
199,434,76,59
199,433,76,59
199,434,75,59
199,434,75,59
199,434,75,59
199,434,75,59
199,434,75,59
198,435,74,58
198,435,73,57
198,435,73,57
197,435,74,58
197,434,74,58
197,436,72,56
196,437,72,56
196,437,72,56
196,436,73,57
196,437,72,56
196,437,72,56
194,437,72,56
194,437,72,56
195,438,71,56
195,438,70,55
194,438,71,56
193,441,70,54
193,442,70,54
193,442,70,54
194,442,70,54
193,442,70,54
192,442,68,53
191,441,69,54
192,442,68,53
191,441,69,54
192,442,68,53
192,442,68,53
190,443,68,53
191,443,67,52
191,444,67,53
191,443,67,53
191,444,67,53
191,444,67,53
191,444,67,52
190,443,68,53
191,444,66,52
191,444,66,51
190,444,66,52
190,445,66,51
190,445,66,51
191,446,63,49
191,446,63,49
190,446,64,50
190,445,65,51
190,445,64,50
189,444,64,50
189,444,65,51
190,445,64,50
190,445,63,49
190,445,63,49
189,444,64,50
191,443,63,49
191,443,63,49
191,444,63,49
191,444,63,49
191,443,63,49
192,444,62,48
192,444,62,49
192,444,62,49
192,444,62,49
192,444,62,49
191,443,61,48
191,443,61,47
191,443,60,47
191,443,60,47
191,443,60,47
190,441,60,46
191,442,60,46
191,442,59,46
191,442,59,46
191,442,60,47
191,442,60,47
191,442,60,47
190,441,59,46
189,441,60,47
189,441,60,47
189,441,60,47
191,441,59,47
191,442,59,46
191,441,59,46
191,442,59,46
191,441,59,46
191,442,59,46
191,436,59,46
191,436,58,45
191,436,58,45
191,436,59,46
192,437,57,45
191,437,58,45
191,437,58,45
193,434,58,45
193,434,58,45
