472,370,54,52
465,369,53,51
459,366,54,52
456,363,54,52
455,361,54,52
453,358,54,52
453,353,54,52
455,349,53,51
456,345,53,51
458,342,53,51
461,339,52,50
463,335,54,52
467,333,53,51
471,330,53,51
477,328,53,51
482,326,53,51
488,323,53,51
507,317,52,50
512,313,53,51
519,310,53,51
525,307,53,51
539,301,52,50
549,300,52,50
554,299,52,50
558,299,52,50
562,300,52,50
565,302,52,50
568,305,51,49
569,307,52,50
571,311,52,50
571,316,52,50
571,319,52,50
571,322,52,50
572,324,52,50
574,325,51,49
575,325,51,49
577,324,51,49
580,322,51,49
583,319,51,49
586,316,51,49
589,312,51,49
592,308,51,49
596,304,51,49
600,300,51,49
605,296,51,49
609,291,51,49
613,287,51,49
617,283,51,49
622,279,51,49
634,268,51,49
638,263,51,49
642,258,50,48
646,255,50,48
649,252,50,48
651,249,50,49
650,247,51,49
650,246,51,49
648,246,51,49
646,247,51,49
641,249,51,49
636,251,51,49
630,254,51,49
625,256,51,49
621,257,51,49
618,258,51,49
616,256,51,49
616,255,50,49
617,253,50,49
618,250,50,48
621,247,51,49
624,244,51,49
628,240,51,49
631,236,51,49
633,233,51,49
633,233,51,49
629,235,51,49
624,239,51,49
617,244,51,49
590,263,51,49
577,272,51,49
564,282,51,49
549,293,51,49
534,303,51,49
519,313,50,48
504,324,50,48
490,332,50,48
477,340,50,48
465,347,50,48
454,352,50,48
446,355,50,49
441,357,51,49
439,357,50,48
437,356,51,49
438,354,51,49
439,351,50,49
442,349,50,48
445,345,50,48
450,344,50,48
454,342,50,48
458,341,51,49
462,341,51,49
465,342,51,49
465,346,51,48
466,349,51,48
466,353,51,48
465,356,51,48
464,362,51,48
462,365,51,48
460,369,50,47
457,370,52,49
455,373,51,48
451,374,53,50
449,375,52,49
446,376,52,49
443,377,52,49
442,379,51,48
441,381,50,47
440,383,50,47
438,385,51,48
439,389,50,47
438,392,50,47
439,395,50,47
440,399,49,46
441,403,49,46
440,412,48,45
442,412,48,45
450,413,48,45
451,422,48,45
445,424,48,46
444,432,48,45
444,438,48,45
441,437,48,45
449,434,47,44
454,437,47,44
466,436,49,46
484,434,49,46
491,440,48,45
496,441,49,46
502,441,49,46
505,441,49,46
509,442,49,46
512,443,49,46
513,444,49,46
514,445,49,46
515,447,49,46
515,450,48,46
514,451,48,45
511,453,48,45
507,454,48,45
501,455,49,46
494,456,48,45
486,455,48,46
478,454,48,45
469,452,48,45
460,450,49,46
451,447,49,46
441,443,48,46
432,439,48,46
424,436,48,45
417,433,48,45
411,430,48,45
407,427,48,45
405,424,49,46
404,421,48,45
405,420,47,44
407,419,46,43
415,415,46,43
418,413,47,44
418,411,49,46
424,409,48,45
448,403,44,40
465,399,44,40
470,396,44,39
468,397,44,39
483,386,44,39
470,388,44,39
478,395,44,40
481,390,45,40
489,380,46,41
498,376,46,41
507,369,47,42
517,365,45,40
523,361,46,41
529,356,47,42
536,352,47,43
543,348,48,43
551,345,48,43
558,342,48,43
566,339,49,44
574,336,48,43
582,335,48,43
589,332,48,43
597,329,48,43
604,328,48,43
611,325,48,43
627,321,48,43
634,320,49,44
641,317,49,43
646,315,49,44
652,314,48,43
657,314,49,44
661,313,48,43
665,312,48,43
668,312,48,43
670,312,48,43
672,310,48,43
673,309,48,43
675,308,48,43
675,307,48,43
676,307,48,43
676,306,48,43
677,306,48,43
676,307,49,41
675,308,49,41
674,309,48,41
672,310,48,40
670,313,48,41
667,314,48,40
664,317,48,41
660,318,48,40
657,321,49,41
652,322,49,41
642,329,50,41
638,329,49,41
635,330,49,41
633,332,48,41
628,332,49,41
624,332,49,41
620,333,49,41
616,333,49,41
613,334,49,41
609,335,49,41
605,336,49,41
602,338,49,41
598,339,49,41
593,341,50,42
587,344,50,42
582,348,50,41
576,351,50,41
569,355,49,41
563,359,49,41
557,363,49,41
550,367,49,41
543,371,49,41
537,375,49,41
531,379,49,41
526,383,48,40
522,387,48,40
516,391,48,40
512,396,48,40
507,399,48,40
496,408,48,40
492,413,48,40
487,416,48,40
482,419,48,40
477,424,48,40
473,427,48,40
469,430,48,40
465,432,48,40
462,435,48,40
461,435,48,40
461,435,49,41
462,434,49,41
466,433,48,41
470,430,48,41
475,426,48,40
482,423,48,40
488,418,48,40
495,413,48,40
503,409,48,40
511,403,48,40
519,398,48,40
527,392,48,40
535,386,48,40
544,381,48,40
553,374,48,40
562,369,48,40
570,362,48,40
579,357,48,40
596,344,49,41
603,338,50,41
608,332,52,43
613,327,54,45
613,325,56,47
614,325,58,49
608,328,61,51
601,334,64,53
593,341,66,55
582,348,67,56
572,355,68,57
562,363,69,57
552,368,69,58
541,372,69,58
531,375,70,58
522,376,70,58
512,374,70,59
507,374,70,58
495,367,70,58
486,362,70,58
475,356,70,58
464,349,69,58
451,342,69,58
437,335,69,58
420,328,69,58
404,322,69,58
392,316,69,57
384,312,67,56
377,313,66,52
377,315,59,43
382,318,54,38
386,322,50,35
387,326,49,34
392,328,48,34
394,333,45,32
396,336,44,31
399,341,40,30
397,347,39,30
393,354,39,29
389,362,39,29
384,370,39,29
380,379,38,29
374,389,39,29
368,399,39,29
362,409,39,29
355,418,38,29
349,428,38,28
342,436,38,28
336,444,37,28
329,450,38,29
324,456,38,29
319,460,39,29
316,465,39,29
313,468,39,29
312,471,39,29
310,473,40,30
310,476,39,29
310,478,39,29
310,482,39,29
315,482,39,29
317,482,39,29
321,482,40,30
325,482,39,29
329,478,39,29
335,479,39,29
341,477,39,29
347,473,38,29
354,470,39,29
361,466,39,29
367,462,38,28
374,458,38,28
381,455,39,29
387,451,39,29
394,449,39,29
400,446,39,29
406,444,39,29
410,442,39,29
414,442,39,29
417,440,39,29
419,440,38,28
421,440,39,29
422,439,38,29
424,439,39,29
424,439,39,29
424,439,39,29
423,439,39,29
423,440,39,29
423,440,39,29
422,441,39,29
421,441,38,28
419,442,37,28
417,443,38,28
414,443,38,28
412,444,38,28
409,444,38,28
407,444,38,28
404,444,38,28
402,443,38,28
400,443,38,28
399,443,38,28
396,443,37,28
396,442,38,28
395,442,38,30
395,442,38,30
395,442,38,30
394,442,38,30
395,444,38,30
399,444,38,30
398,448,38,30
400,451,38,30
402,453,38,30
404,457,38,30
406,460,38,30
408,464,38,30
409,467,38,30
412,471,38,30
412,474,37,29
412,477,38,30
412,484,38,30
412,486,38,30
411,486,38,30
409,486,38,30
408,487,38,30
407,487,39,31
404,486,38,30
402,486,38,30
400,485,39,30
397,485,39,30
395,483,39,31
391,481,39,31
389,480,38,30
385,477,38,30
382,476,38,30
378,474,38,30
374,472,38,30
371,471,38,30
368,471,38,30
364,470,38,30
361,470,38,30
357,471,38,30
354,472,38,30
351,475,38,30
348,477,38,30
345,480,39,31
343,483,39,31
341,487,39,31
334,497,39,31
331,501,39,31
328,505,39,31
325,509,39,31
323,514,39,31
319,519,39,31
316,524,39,31
312,529,39,31
309,534,39,31
305,540,39,31
300,545,39,31
294,550,39,31
286,555,39,31
277,559,39,31
268,565,40,31
258,570,39,31
247,576,40,31
236,580,39,31
225,586,40,31
214,589,40,31
203,592,39,31
193,595,39,31
183,596,40,31
173,596,39,31
165,596,39,31
157,596,39,31
152,596,39,31
148,595,39,31
146,592,40,31
149,591,40,32
155,590,40,32
162,588,40,32
171,586,40,32
184,585,40,32
196,582,40,32
211,581,40,32
224,578,41,32
237,576,40,32
249,573,40,32
261,571,40,32
271,568,41,32
281,566,41,32
290,562,40,32
299,560,40,32
306,558,40,32
310,554,40,32
313,552,41,32
314,549,40,32
314,547,40,32
312,545,40,32
308,543,40,32
304,540,40,32
300,537,40,32
296,535,40,32
293,534,40,32
289,530,40,32
290,531,39,31
288,522,39,32
289,519,39,31
293,516,39,31
295,511,40,32
299,508,40,32
302,504,40,32
306,500,40,32
310,497,40,32
314,495,40,32
317,492,40,32
321,490,40,32
326,490,41,32
331,490,41,33
338,490,42,33
343,494,41,33
349,498,41,33
355,503,42,34
361,508,41,33
368,515,42,34
372,520,42,33
378,525,42,33
384,530,41,33
390,535,41,33
396,539,41,33
402,542,41,33
408,545,41,33
415,547,41,33
421,548,41,33
428,548,41,33
444,547,41,33
451,546,41,33
457,543,41,33
463,540,41,33
470,536,41,33
476,533,41,33
481,529,41,33
486,525,41,33
489,521,41,33
489,517,41,33
488,514,41,33
487,511,41,33
482,507,41,33
478,505,42,33
473,503,42,34
467,500,42,34
461,498,42,34
455,495,42,34
449,493,42,34
444,491,42,34
440,487,42,33
435,485,42,34
431,481,42,33
430,477,42,34
428,472,42,34
428,468,42,34
429,463,42,33
432,457,42,33
440,444,42,33
444,438,42,33
446,433,42,33
449,428,42,33
451,423,42,33
453,418,42,33
454,413,42,33
456,409,42,33
457,404,41,33
460,399,41,33
463,395,41,33
467,390,41,33
472,384,41,33
476,379,41,33
482,374,41,33
488,369,41,33
494,363,41,33
498,359,41,33
502,354,41,33
504,349,42,33
505,345,41,33
504,341,41,33
504,336,41,33
504,332,41,33
504,328,42,33
507,323,42,33
510,318,42,34
513,313,42,34
517,308,42,34
523,303,42,34
529,297,42,34
536,292,43,34
542,287,43,34
550,281,42,34
558,276,42,34
565,270,42,34
573,264,43,34
582,260,43,34
590,254,43,34
599,249,43,34
607,245,43,34
616,242,42,33
624,240,42,33
631,238,42,33
638,238,43,34
643,238,42,33
646,240,42,34
648,242,42,33
649,245,42,33
647,250,42,33
643,255,42,33
636,262,43,34
628,270,42,34
618,278,42,33
606,288,42,33
593,298,42,33
581,308,42,33
567,318,43,34
554,327,42,33
543,337,42,33
520,354,42,33
509,362,42,33
498,370,42,33
487,378,42,33
476,386,42,33
464,394,41,33
453,402,42,33
441,410,42,33
428,419,42,33
413,428,42,33
398,436,42,33
382,445,42,33
366,455,42,33
347,464,42,33
330,473,42,33
310,480,41,33
290,489,41,33
269,497,41,33
249,503,41,33
229,508,41,33
210,512,42,33
193,515,42,33
177,516,42,33
164,517,42,34
153,516,43,34
146,515,43,34
141,513,43,34
138,510,43,34
139,508,44,35
155,498,44,34
168,492,43,34
184,487,43,34
202,480,43,34
222,475,42,33
244,468,42,34
265,461,42,34
288,454,42,34
310,448,43,34
331,441,43,34
350,436,43,34
368,430,43,34
382,425,44,35
395,420,44,35
407,415,44,35
418,411,44,35
427,407,44,35
435,403,44,35
441,399,44,35
447,394,44,35
452,391,44,35
456,387,45,35
459,382,44,35
463,379,44,35
466,375,44,35
468,371,44,35
471,367,44,35
473,364,44,35
479,354,45,35
481,350,44,35
484,347,45,35
485,343,45,36
488,342,45,36
492,342,45,36
494,340,45,32
497,340,45,32
500,340,45,32
502,340,45,32
504,340,45,32
507,340,45,32
509,340,45,32
512,340,45,32
515,340,45,32
518,340,45,32
520,339,45,32
523,339,45,32
527,338,45,32
530,338,45,32
534,337,45,32
539,336,45,32
543,334,45,32
548,333,45,32
553,331,45,32
558,329,44,31
562,327,45,32
565,325,45,32
567,321,45,32
566,321,47,32
563,322,47,32
559,323,48,33
554,324,47,32
548,327,47,32
541,330,47,32
533,333,47,32
526,335,47,32
519,337,47,32
513,339,47,32
507,341,47,32
502,343,47,32
498,344,48,32
493,345,44,31
488,347,44,31
484,349,44,31
479,350,44,31
476,352,44,31
473,354,43,30
475,355,42,30
475,354,43,30
478,354,43,30
482,353,42,30
488,351,43,31
494,348,43,31
503,345,44,31
511,342,43,31
532,338,43,31
536,339,43,31
540,341,43,30
541,345,44,31
542,348,43,31
543,352,43,30
543,356,43,30
543,360,43,31
543,364,43,30
543,367,43,30
544,369,43,30
546,370,43,30
551,370,43,30
556,371,43,30
561,371,43,30
568,370,43,30
575,368,43,30
584,367,43,31
593,364,43,30
601,361,43,30
611,359,43,31
622,356,43,31
630,353,44,31
637,350,43,31
645,349,44,31
651,347,44,31
657,347,44,31
662,347,44,31
665,347,44,31
668,348,44,31
669,350,44,31
668,351,44,31
666,353,44,31
664,356,44,31
660,358,44,31
656,361,44,31
650,364,44,31
644,367,44,31
637,370,44,31
631,374,44,31
624,376,44,31
616,380,44,31
609,384,44,31
602,386,43,30
594,388,43,30
585,390,43,30
577,392,43,31
568,393,43,30
558,393,44,31
548,393,44,31
538,392,44,31
528,390,44,31
519,389,44,31
507,389,43,30
500,385,44,31
491,383,44,31
483,381,44,31
472,378,44,31
454,371,44,31
448,370,45,31
441,368,45,32
435,367,45,32
428,366,45,32
422,365,45,31
415,364,45,32
410,363,44,31
405,362,44,31
402,362,45,31
401,360,45,31
402,359,45,31
403,356,45,32
407,355,45,32
411,352,45,32
416,350,45,32
423,348,45,32
430,346,45,32
437,343,45,31
444,341,45,32
452,339,45,32
458,337,45,32
463,334,45,32
467,332,45,32
470,329,45,32
473,327,45,32
474,325,45,32
473,322,45,32
473,320,46,32
471,317,46,32
470,316,46,32
467,314,46,32
464,312,46,32
461,310,46,32
457,309,48,31
454,308,48,31
450,307,48,31
447,306,48,31
445,306,48,31
442,305,48,31
439,304,49,31
437,303,49,32
436,302,49,32
435,301,49,31
435,300,49,31
435,299,48,31
435,297,49,31
436,295,49,32
438,294,48,31
440,293,49,31
441,291,49,32
444,290,49,32
446,289,49,32
448,288,49,32
451,287,49,32
452,286,49,32
455,286,49,32
458,286,49,32
460,286,49,32
465,287,49,32
