752,376,237,175
768,384,237,181
766,383,236,181
766,382,237,181
783,393,238,180
782,395,236,176
796,391,237,181
796,390,236,181
797,390,236,181
809,391,235,180
809,391,234,180
810,392,232,178
811,400,236,177
811,400,236,177
816,408,235,176
815,408,235,176
815,408,235,176
820,406,232,174
823,406,231,173
823,407,230,173
826,394,230,172
828,395,225,173
829,392,224,173
827,390,223,174
831,391,218,173
823,390,215,170
823,390,215,170
823,389,215,170
814,388,213,168
816,390,209,166
812,382,211,167
811,382,211,167
811,382,211,167
798,372,208,165
799,372,208,164
803,372,198,163
788,368,194,160
788,368,193,159
775,368,191,158
776,368,191,157
775,368,191,157
759,382,190,157
757,380,191,157
757,379,191,157
743,391,188,155
741,389,189,156
728,394,187,154
728,395,186,153
729,396,186,153
716,398,177,151
716,398,176,150
716,398,175,150
705,391,173,148
706,391,170,145
695,388,170,145
695,387,170,145
695,387,170,145
686,387,169,144
687,388,166,142
688,388,166,142
681,385,166,141
680,384,166,142
674,381,164,140
674,380,162,139
673,380,163,139
667,379,161,137
667,381,161,137
667,381,161,138
659,381,159,136
660,381,158,135
649,379,157,134
650,380,155,132
651,381,155,132
640,378,154,131
641,378,154,131
641,378,154,131
631,377,153,130
632,377,152,129
626,376,151,129
623,374,151,131
623,374,151,131
619,375,150,130
619,375,149,129
619,375,149,130
619,380,148,129
619,380,148,128
617,383,146,127
617,384,146,126
617,384,145,126
616,383,144,125
616,384,144,125
615,383,144,125
613,378,143,124
613,378,142,123
608,373,141,122
609,374,141,122
609,374,140,122
604,374,138,120
604,374,138,120
604,374,138,120
600,375,137,119
600,375,137,119
594,374,136,118
594,374,136,118
594,374,136,118
592,373,134,117
592,373,134,116
592,373,134,116
590,373,133,115
590,373,132,115
588,373,132,114
588,373,131,114
588,373,131,114
586,373,131,113
585,372,131,113
585,372,131,114
584,372,130,113
584,372,130,113
583,372,130,112
582,372,129,112
582,371,130,113
581,371,129,112
581,371,129,112
581,372,129,112
581,372,129,112
581,372,129,112
580,375,130,113
580,375,131,113
580,374,130,113
580,380,131,114
580,380,131,114
580,380,131,113
579,378,131,114
580,379,131,114
580,379,132,114
580,374,132,114
580,374,132,115
581,370,133,116
581,370,133,115
580,369,133,116
581,369,134,116
581,370,133,116
582,370,134,116
582,372,134,117
582,373,135,117
583,372,135,117
584,372,135,118
583,371,135,117
586,369,136,118
585,368,135,118
585,369,136,118
586,369,136,118
587,369,136,118
589,372,137,119
588,371,137,119
588,371,137,119
590,371,138,119
590,371,138,119
590,371,138,119
592,371,138,120
592,371,138,120
594,373,138,120
594,373,138,120
594,373,138,120
593,376,138,120
593,376,138,120
593,376,138,120
589,376,138,120
589,376,138,120
582,372,138,120
584,372,138,120
584,371,138,120
577,367,137,119
579,368,136,118
579,368,137,118
571,366,136,118
571,366,136,118
564,371,135,117
565,371,134,116
566,372,135,117
560,376,134,116
560,376,134,116
560,376,134,116
555,377,132,115
556,377,133,115
551,373,131,114
552,374,130,113
552,374,131,113
547,368,128,111
548,368,128,111
548,368,129,111
543,364,126,110
544,364,126,109
539,365,124,107
541,366,123,107
541,366,123,107
536,367,123,106
536,366,122,105
536,366,121,105
532,365,121,105
532,365,120,104
528,364,119,103
529,365,119,103
529,364,118,102
527,365,116,101
528,365,116,101
528,365,116,101
526,368,114,99
527,369,113,98
525,370,112,97
526,371,111,96
526,371,111,96
526,367,109,95
526,367,109,94
526,367,109,94
527,363,107,93
527,363,107,93
527,362,106,91
528,362,105,91
528,362,105,91
529,364,104,90
529,364,103,89
529,364,103,89
530,366,101,88
530,367,101,87
531,368,100,86
532,369,99,86
532,369,99,86
533,365,98,85
534,366,97,84
534,366,97,84
534,366,97,84
534,365,96,83
535,367,95,82
536,367,94,82
535,367,94,81
536,367,93,80
536,367,92,80
536,367,92,80
534,363,91,79
534,363,91,79
532,358,90,78
532,358,90,78
532,359,90,78
529,355,89,77
530,355,89,77
529,355,89,77
526,354,88,76
527,354,87,76
523,355,87,75
523,355,86,75
523,355,86,75
515,357,85,74
515,357,85,74
515,357,85,74
510,358,85,74
508,360,86,72
503,363,85,71
503,363,85,71
503,363,85,71
498,369,86,71
498,369,85,71
498,368,85,71
493,370,85,71
492,371,84,71
487,369,84,70
487,368,84,70
487,368,84,70
483,362,82,69
482,362,83,69
483,363,82,68
478,357,81,68
478,358,82,68
474,360,81,67
474,360,80,67
474,361,80,67
470,363,79,66
470,363,79,66
470,363,79,66
466,364,79,66
466,364,79,66
463,365,78,65
463,365,79,66
464,365,79,66
460,368,78,65
460,368,77,64
460,368,77,65
457,368,77,64
457,369,77,64
453,369,76,63
453,369,76,63
453,369,76,63
451,372,75,63
450,372,75,63
450,371,75,63
446,373,75,63
446,373,75,63
444,373,74,62
444,373,73,61
444,373,73,61
440,373,73,61
441,373,73,61
441,374,72,61
438,378,72,60
438,378,71,60
436,383,70,59
436,383,70,59
436,383,70,59
434,384,70,58
434,385,70,58
434,385,70,58
432,388,69,58
433,388,69,58
430,393,69,57
431,393,68,57
431,392,68,57
430,393,68,57
430,394,67,56
430,394,68,56
429,393,67,56
429,393,66,55
429,393,65,55
429,393,65,54
429,393,65,54
428,393,65,54
428,393,65,54
428,393,65,54
428,393,64,54
428,393,64,54
428,393,64,54
429,394,64,53
428,394,64,53
429,396,63,52
429,396,63,52
429,397,63,52
429,400,62,52
429,399,62,52
431,401,62,51
430,400,61,51
431,401,61,51
434,401,60,50
434,400,61,51
433,400,61,51
437,401,60,50
437,401,60,50
439,402,60,50
439,402,60,50
439,402,60,50
441,402,60,50
442,403,59,49
442,402,59,50
445,398,58,49
445,399,58,49
447,393,58,48
447,392,58,48
447,393,58,48
448,384,58,48
449,385,57,48
449,385,57,47
449,378,57,48
449,379,56,47
449,377,56,47
449,377,56,47
449,377,57,47
448,377,57,47
449,377,56,47
448,377,56,47
448,377,56,47
449,378,56,47
449,375,56,47
449,375,56,46
449,375,56,46
450,369,55,46
449,368,55,46
449,368,55,46
449,361,55,46
450,361,55,46
451,353,54,45
451,353,54,45
451,353,54,45
453,343,54,45
454,343,54,45
453,343,55,46
456,337,55,46
456,337,54,46
456,337,54,45
459,335,55,46
459,334,55,46
463,334,55,46
463,333,55,46
463,334,55,46
466,334,55,46
466,334,55,46
466,334,55,46
470,334,55,46
469,334,55,46
473,333,55,46
474,334,55,46
473,333,55,46
479,331,55,46
479,331,55,46
478,330,56,47
485,331,56,47
485,331,56,47
493,337,56,47
492,336,56,47
493,337,56,47
498,340,57,48
498,341,57,47
499,341,56,47
500,340,57,48
500,340,58,48
503,342,58,48
503,341,58,48
503,341,58,48
505,345,58,49
506,345,59,49
506,345,59,49
508,348,59,49
508,347,59,50
513,348,59,49
513,348,59,49
513,348,59,49
516,344,59,49
516,344,59,49
516,344,59,49
519,342,59,50
518,342,60,50
521,344,60,50
520,343,60,50
521,344,60,50
522,346,60,50
522,345,61,51
522,346,60,50
523,346,61,51
523,347,61,51
522,347,62,52
522,347,62,52
523,347,62,52
522,346,62,52
522,346,63,52
523,346,63,52
523,343,63,53
523,343,63,53
522,340,64,53
523,340,63,53
522,339,64,54
523,340,64,53
522,339,64,54
522,339,64,54
521,339,65,55
522,340,65,54
521,342,65,54
520,342,66,55
520,342,66,55
520,342,66,55
519,342,66,55
519,342,66,55
517,341,66,55
517,341,66,55
516,343,66,56
516,343,66,56
516,343,66,56
515,343,65,55
515,344,65,55
515,343,65,55
512,338,66,56
512,339,65,55
511,336,64,55
510,336,65,55
510,336,65,55
505,341,65,55
505,341,65,55
504,340,66,56
497,346,66,56
496,346,67,57
488,346,66,56
489,347,65,55
488,346,66,56
480,345,67,56
480,345,67,57
480,345,66,56
473,344,66,56
472,344,66,56
463,342,66,56
464,342,66,56
463,342,66,56
456,342,66,56
455,341,67,57
455,341,67,56
448,348,67,57
448,349,67,57
444,358,67,57
445,358,67,57
445,358,67,57
444,355,67,57
444,354,67,57
444,354,67,57
446,344,66,56
446,343,66,56
451,348,67,57
451,348,67,57
451,348,67,57
455,371,67,57
455,371,67,57
454,371,67,57
458,383,66,56
458,383,66,56
462,360,66,56
462,359,66,56
461,359,66,56
466,340,66,56
467,340,66,56
467,340,66,56
472,344,65,55
472,344,65,55
473,354,66,56
474,355,66,56
474,355,65,55
478,354,65,55
478,354,65,55
477,354,66,56
480,343,66,56
480,343,66,56
482,337,66,56
483,338,65,55
483,338,65,55
484,342,65,55
484,341,65,55
484,341,65,55
486,350,65,55
485,349,65,55
486,353,65,55
485,353,65,55
485,353,65,55
486,354,65,55
486,353,65,55
486,354,65,55
484,353,65,55
484,354,64,55
482,354,64,55
482,354,64,55
481,354,64,55
478,354,64,55
479,355,64,54
478,354,64,54
473,354,64,54
473,354,64,54
470,355,63,54
470,355,63,54
470,355,63,54
467,354,62,53
467,353,63,54
468,353,62,58
466,352,62,58
466,352,62,58
464,351,62,58
464,352,61,57
465,352,61,57
463,353,61,57
463,353,61,57
463,353,61,57
464,352,60,56
464,352,60,56
465,347,60,56
464,347,60,56
464,346,62,57
467,344,60,56
467,344,60,56
467,344,60,56
472,346,59,55
468,345,63,56
474,346,62,55
476,347,59,53
476,347,59,53
481,347,59,53
482,350,59,51
482,349,59,51
484,349,60,51
485,349,60,51
487,348,59,51
488,349,59,51
488,349,59,51
492,346,58,50
492,346,58,50
492,347,58,50
496,345,58,50
496,345,58,50
500,342,59,51
500,342,59,51
500,342,59,51
505,342,58,50
505,342,58,50
505,342,58,50
508,344,61,50
507,343,61,50
511,346,62,50
511,346,62,50
511,346,62,50
517,350,62,50
517,350,62,50
517,350,61,50
523,351,61,50
522,351,61,50
527,350,61,50
528,350,61,50
528,350,61,50
533,349,61,50
534,350,61,50
534,350,60,49
540,354,60,49
540,353,60,49
547,359,60,49
546,359,60,49
546,359,60,49
551,360,60,49
551,360,60,49
551,360,60,49
554,360,60,49
555,358,59,51
557,358,60,51
557,358,60,51
557,358,59,51
561,358,59,50
561,358,59,50
561,358,59,50
563,358,59,51
564,359,59,51
566,360,59,51
566,361,59,51
566,361,59,51
567,361,59,51
568,361,59,51
568,361,59,50
570,357,58,50
570,357,58,50
570,356,59,50
574,352,58,50
574,352,58,50
578,351,58,50
579,351,58,50
578,350,58,50
583,350,58,50
584,351,58,49
583,351,58,50
589,351,57,49
588,351,57,49
593,351,57,49
593,351,57,49
592,351,59,49
597,351,60,49
597,350,59,49
597,350,60,49
601,350,60,50
601,350,60,49
607,350,59,49
606,350,60,49
606,350,60,49
612,353,59,49
612,352,60,49
612,353,59,49
618,355,58,48
617,355,58,48
623,358,58,48
623,358,59,48
622,357,59,49
626,359,59,48
626,359,58,48
626,359,58,48
628,360,58,47
629,360,57,47
629,360,57,47
628,360,58,48
628,360,58,47
626,360,57,47
626,360,57,47
626,360,57,47
621,359,57,47
621,359,58,47
618,358,58,48
619,359,58,48
619,359,58,48
618,357,58,47
617,357,58,48
617,356,58,48
617,355,58,47
616,355,58,48
616,356,58,48
616,357,58,48
616,356,58,48
615,361,58,48
616,361,58,47
615,360,58,48
615,366,57,47
615,367,57,47
614,366,57,47
614,367,58,47
614,367,57,47
614,361,57,47
614,362,57,47
613,361,57,47
612,358,57,47
613,358,57,47
612,362,57,47
612,362,57,47
612,361,57,47
611,365,57,47
611,365,57,47
611,365,57,47
610,366,57,47
610,366,56,46
608,365,56,46
608,365,56,46
608,365,56,46
605,366,56,46
605,366,56,46
605,366,56,46
602,368,56,46
602,368,55,46
599,366,55,45
599,365,55,45
600,365,55,45
597,361,54,45
596,361,55,45
596,361,55,45
594,359,54,45
594,359,55,45
593,359,55,45
593,359,55,45
593,359,55,45
592,360,55,45
593,361,55,45
593,361,55,45
592,361,55,45
591,361,55,45
591,357,55,46
591,357,55,45
591,357,55,45
592,355,55,46
593,355,55,45
592,354,55,46
594,357,55,45
594,357,55,45
596,364,55,45
595,363,55,45
595,363,55,45
596,364,56,46
596,364,56,46
596,365,56,46
598,361,56,46
598,361,56,46
599,355,57,47
599,355,57,47
599,355,57,47
600,353,57,47
600,353,57,47
600,353,57,47
602,353,57,47
602,353,58,47
604,353,58,48
604,353,58,48
603,353,58,48
605,354,59,48
605,354,59,49
605,354,59,49
606,357,60,50
605,357,60,50
606,361,61,51
606,360,62,51
606,360,62,51
607,363,63,52
607,362,63,52
607,363,63,52
608,362,64,53
608,362,64,53
610,359,65,54
610,359,66,54
609,358,66,54
611,350,66,55
611,350,67,55
612,350,67,55
613,344,67,56
613,344,68,56
614,342,69,57
614,342,69,57
615,342,70,57
616,342,71,58
616,343,71,58
616,342,71,59
618,342,71,59
619,342,72,59
620,344,72,59
621,344,72,60
620,344,72,60
623,350,73,61
623,350,74,61
623,349,74,61
631,354,71,63
630,353,72,63
632,354,73,65
632,354,74,65
632,354,74,65
634,352,75,66
634,352,75,66
632,348,75,66
634,349,76,67
634,348,76,67
635,351,77,68
636,351,77,68
636,351,78,68
636,352,79,69
636,352,79,69
636,352,79,70
638,351,80,70
637,350,81,71
638,347,82,72
639,348,82,72
638,347,83,73
639,347,83,73
639,347,83,73
639,347,84,74
640,353,86,75
639,353,86,76
641,360,87,77
640,360,88,77
641,360,89,78
641,362,90,79
642,362,90,79
641,361,91,80
642,361,93,81
642,361,93,82
642,358,95,83
642,358,95,84
642,358,96,84
643,356,97,85
643,355,98,86
643,355,98,87
642,353,100,88
642,353,101,88
640,356,103,90
640,356,103,90
639,356,104,91
638,363,105,93
638,363,105,93
637,363,106,93
636,368,108,95
636,368,109,96
636,368,111,98
635,367,111,98
635,367,112,99
634,364,114,101
635,364,114,101
634,363,115,101
634,362,117,103
634,363,118,104
634,364,119,105
634,364,119,105
634,364,120,106
632,365,122,108
631,364,122,108
631,364,123,108
630,364,125,111
631,364,126,111
628,360,129,114
629,361,129,114
629,360,130,115
626,359,132,116
627,359,132,117
625,358,134,118
624,363,136,120
624,363,136,120
622,370,137,121
622,370,138,122
622,369,139,122
619,368,140,124
618,367,140,124
619,368,141,124
616,361,141,125
616,361,142,125
615,360,143,126
615,361,142,125
615,361,142,125
613,364,140,124
614,364,141,124
614,364,138,122
610,368,143,126
610,368,144,127
610,369,144,127
609,370,144,127
609,370,144,127
608,369,144,127
608,369,144,127
608,370,145,128
609,371,144,127
609,371,144,127
609,371,144,127
611,373,143,126
611,373,141,124
614,374,140,123
615,374,140,123
615,374,141,124
618,375,140,123
618,375,139,122
618,375,139,123
621,375,138,122
621,375,138,122
627,375,136,120
627,375,135,119
627,375,135,119
632,374,134,118
633,374,134,118
634,375,133,118
639,375,131,116
640,375,130,115
647,389,129,114
647,389,129,113
647,389,127,112
653,400,126,111
654,400,125,110
655,400,130,111
662,399,129,110
663,400,127,109
671,391,126,107
672,393,125,107
673,393,124,106
680,386,123,105
681,387,122,104
681,387,121,104
690,384,120,102
692,385,123,102
702,366,122,101
701,365,121,101
701,365,121,100
712,335,120,100
712,335,120,100
712,335,120,99
721,335,120,99
721,335,120,98
729,348,119,98
730,350,118,97
730,350,118,96
736,354,118,96
737,354,117,96
736,354,117,95
744,351,115,94
744,350,115,94
751,353,117,94
751,353,117,94
751,352,117,94
758,371,117,94
758,371,117,94
758,371,117,94
768,366,115,93
768,366,115,92
776,355,115,92
776,354,115,93
775,354,116,93
784,353,115,92
784,353,115,92
784,353,115,92
792,354,114,92
793,354,114,91
801,353,113,91
801,352,113,91
801,352,113,91
808,350,112,90
808,350,112,90
808,349,112,90
815,349,112,90
815,349,111,90
818,348,111,89
819,348,111,89
819,348,111,89
822,346,111,89
822,346,111,89
822,345,111,89
824,344,111,89
825,344,106,88
825,342,106,88
824,342,105,88
823,342,107,88
820,341,107,88
819,341,107,88
819,341,107,88
811,341,106,87
811,342,106,87
802,342,106,87
802,342,106,87
802,342,106,87
792,342,106,87
792,342,106,87
792,342,106,87
784,347,105,87
784,347,105,87
776,352,105,87
775,351,105,87
775,351,105,87
767,352,105,87
767,352,105,87
768,352,103,87
761,351,100,87
761,351,100,87
752,345,101,88
752,344,101,88
751,344,101,88
743,340,100,87
743,341,100,87
743,341,100,87
735,342,99,86
735,342,100,87
727,344,99,86
727,345,100,87
727,344,100,87
719,345,100,87
719,345,100,87
719,345,100,87
711,346,100,87
711,346,100,87
706,347,101,88
706,347,100,87
706,347,101,88
702,348,101,88
702,349,101,88
702,349,101,88
699,352,99,87
699,352,99,87
696,353,99,87
696,354,99,87
696,354,99,87
693,361,99,87
692,361,99,87
692,361,99,87
690,368,100,88
690,368,101,88
689,370,100,88
689,371,101,89
689,371,101,89
690,371,101,89
690,371,102,89
690,371,102,89
692,368,102,89
692,368,102,89
692,367,102,89
693,367,102,89
692,367,102,89
693,370,102,89
693,371,102,89
693,371,102,89
693,374,102,90
694,374,102,90
695,377,102,90
695,377,102,90
695,377,102,90
695,381,102,90
695,380,103,91
695,380,103,91
695,383,99,90
695,383,98,89
695,386,99,90
695,386,99,90
695,386,99,90
694,390,99,90
694,390,99,90
694,390,99,90
693,389,100,91
692,389,99,90
691,389,100,91
691,389,99,90
691,389,100,91
687,391,100,91
687,391,100,91
687,391,99,90
683,394,99,90
683,394,99,90
680,395,99,90
680,395,99,90
680,395,99,90
676,393,99,90
676,393,100,91
676,393,100,91
673,394,100,91
673,394,99,90
672,395,100,91
672,395,99,90
672,395,99,90
671,395,100,91
671,395,100,91
671,395,100,91
670,395,100,91
670,395,100,91
670,397,100,91
670,397,100,91
670,398,100,91
670,398,100,91
669,398,101,92
670,398,101,92
670,398,101,92
670,398,101,92
670,397,102,92
670,397,102,93
671,396,104,93
672,396,104,93
670,395,105,94
670,395,105,94
673,396,105,94
672,395,105,93
675,395,105,93
674,394,108,94
674,394,108,94
675,393,109,95
675,393,109,95
674,393,109,95
677,391,109,95
676,391,109,95
679,391,110,95
679,391,110,95
679,390,110,95
681,391,110,95
680,391,109,95
681,391,110,96
681,391,110,96
682,391,110,96
681,389,111,97
681,388,111,97
681,388,111,97
682,385,111,97
681,385,112,97
681,384,112,97
680,381,113,98
680,381,113,98
677,378,111,99
677,378,111,99
677,378,111,99
672,377,112,100
671,377,111,99
672,377,111,99
667,376,112,100
667,376,110,98
668,376,111,99
662,375,113,100
662,375,113,101
656,372,114,102
658,372,111,99
658,372,112,100
652,369,113,101
651,369,113,101
652,369,113,101
644,368,114,102
645,368,115,102
637,367,116,104
637,367,116,104
638,367,116,104
630,367,116,104
631,368,117,104
631,368,117,105
624,370,117,105
624,370,118,105
617,376,119,106
617,376,119,106
617,376,121,108
610,380,120,107
610,381,121,108
610,380,122,109
603,382,122,109
603,382,121,108
595,382,122,109
595,382,122,109
595,382,121,109
591,382,123,110
590,382,124,111
589,382,123,110
587,382,125,111
585,382,124,111
584,383,125,111
583,383,124,111
584,383,124,111
581,384,125,112
581,383,126,112
580,383,125,112
578,384,126,113
578,385,126,112
575,385,126,113
575,385,126,113
575,385,126,113
573,385,126,113
573,386,126,113
573,387,126,112
569,385,127,114
569,385,127,114
566,384,128,115
566,384,128,114
565,383,128,114
561,383,128,114
561,383,128,114
561,383,128,114
558,382,128,114
557,382,127,114
555,381,127,114
554,380,127,114
553,379,130,115
553,380,130,115
553,380,130,115
553,380,130,116
552,386,130,115
552,385,130,115
551,390,129,115
551,390,129,115
552,390,129,115
551,388,130,116
551,388,130,115
550,388,130,116
550,380,130,116
549,379,131,116
547,374,131,117
547,374,132,117
545,373,132,117
543,375,132,117
542,375,132,117
542,375,131,117
539,379,131,116
538,378,131,117
534,379,132,117
534,380,132,117
534,379,132,117
529,378,133,118
529,378,133,118
529,378,133,118
525,375,135,117
525,376,136,118
523,377,136,118
523,377,136,118
523,377,136,118
520,377,137,118
520,378,137,118
520,378,137,118
519,379,137,118
518,378,136,118
516,378,137,119
516,378,137,118
515,379,137,118
513,379,138,119
514,379,138,119
514,379,138,119
511,377,139,120
510,376,139,120
508,375,139,120
509,376,139,120
508,375,139,120
506,375,139,120
507,375,139,120
506,375,139,120
504,373,139,120
504,373,139,120
502,373,139,120
502,373,139,120
503,374,139,120
501,374,138,120
502,374,139,120
501,374,138,120
502,374,139,120
502,374,139,120
504,374,139,120
505,375,139,120
505,375,139,121
506,376,139,121
506,376,139,121
505,376,140,121
509,378,140,121
509,378,140,121
513,380,140,121
513,380,140,121
514,380,140,121
519,381,140,121
519,381,140,121
520,382,140,121
524,382,141,122
526,383,141,122
531,384,140,122
530,384,141,122
530,384,141,122
535,384,142,123
535,384,142,123
535,384,142,123
540,386,142,123
540,386,142,123
546,386,144,125
546,386,143,125
545,385,143,124
552,384,144,125
552,384,144,125
551,383,144,125
557,382,144,125
557,382,144,125
562,382,144,125
563,383,144,125
562,383,144,125
566,385,145,126
566,385,145,126
566,385,145,126
567,385,146,127
567,385,146,127
568,382,146,127
569,383,147,127
569,383,147,127
571,383,146,127
570,383,146,127
570,382,146,127
570,382,147,127
570,382,147,127
571,383,147,127
571,384,147,128
571,384,147,128
570,384,148,128
570,384,148,128
571,385,148,128
570,384,149,130
570,384,150,130
573,383,150,131
573,383,150,131
573,383,150,131
575,384,150,131
574,383,150,131
574,384,151,131
574,384,152,132
574,384,153,133
573,383,155,135
573,384,155,134
572,383,155,135
569,381,158,137
569,381,158,137
568,380,159,138
565,379,160,139
565,379,161,140
561,379,162,141
561,380,163,142
559,379,164,143
556,380,166,144
556,381,166,145
555,381,168,146
550,383,169,147
548,383,169,147
543,386,171,149
543,386,172,149
541,386,173,150
537,386,178,155
537,386,178,155
535,384,178,157
532,385,180,158
531,385,180,159
528,387,184,162
528,388,185,163
527,388,186,164
524,387,188,166
523,386,188,166
522,386,189,167
520,386,191,168
520,385,192,169
516,385,194,171
516,386,195,172
515,385,195,172
513,387,198,175
513,388,199,175
512,387,198,175
510,389,200,176
510,389,201,178
508,391,203,179
507,391,204,180
506,391,204,180
505,392,205,181
504,393,206,182
504,393,207,183
502,393,209,184
501,394,210,185
499,394,211,186
498,394,212,187
498,395,212,187
497,395,214,186
497,395,214,186
497,395,214,186
495,396,216,188
496,397,216,188
496,397,216,188
494,399,218,190
493,398,215,190
491,399,217,192
492,400,218,192
491,400,218,193
488,399,220,195
489,401,220,195
488,400,221,195
484,399,224,198
484,400,225,199
482,400,227,201
481,400,228,201
483,402,227,201
479,402,231,204
478,401,232,205
480,404,231,204
476,398,234,207
476,398,234,207
474,398,236,209
473,398,237,210
471,397,238,211
467,395,243,215
475,398,235,215
474,397,236,215
469,396,240,219
469,397,241,220
466,396,247,225
467,397,245,223
468,398,243,222
466,399,247,225
466,398,247,225
464,398,246,224
463,398,247,225
463,398,246,224
464,400,247,225
462,399,247,225
464,400,247,225
461,399,248,225
461,399,247,225
461,398,247,225
463,399,244,222
465,400,244,222
464,399,241,219
464,398,241,219
465,398,241,219
466,399,238,216
467,400,235,213
469,400,235,214
469,399,237,215
469,399,237,215
469,397,236,215
470,397,235,213
471,397,235,213
472,397,231,210
473,397,230,209
472,396,229,208
476,397,224,204
478,397,223,202
481,398,217,198
480,396,216,196
481,396,215,196
483,396,211,192
486,397,211,192
484,395,212,192
487,397,208,189
487,396,207,188
489,395,204,186
490,396,203,184
490,395,203,185
490,393,201,183
491,394,200,182
492,394,199,181
492,393,198,179
492,393,196,179
495,394,198,176
495,394,198,176
495,394,198,176
495,394,196,175
496,394,195,174
496,393,196,174
498,396,192,171
497,393,193,172
500,395,191,170
498,394,192,170
500,396,190,169
501,397,188,167
501,397,188,167
501,397,188,167
502,397,187,166
503,396,187,166
504,396,186,165
502,394,187,166
503,396,186,166
504,396,185,164
504,395,184,164
504,395,184,164
505,396,184,163
506,398,184,163
507,397,184,163
507,397,184,163
507,397,184,163
508,397,184,163
508,397,184,163
508,397,184,163
509,397,184,164
509,397,184,164
510,396,185,164
510,396,185,164
511,397,185,164
514,396,186,165
512,394,187,166
514,395,186,165
514,393,188,167
516,394,188,167
518,395,189,168
519,395,189,168
517,394,189,168
519,392,191,170
520,392,193,171
521,393,191,170
522,391,193,171
522,391,193,172
523,391,195,173
522,390,195,174
522,390,195,174
524,389,197,175
524,390,197,175
524,390,197,175
526,389,197,176
527,390,197,175
528,386,198,176
528,386,198,176
528,386,198,176
529,383,199,177
531,384,199,177
531,384,199,177
531,383,199,177
531,383,199,177
532,385,200,178
532,386,200,177
532,386,199,177
532,387,199,177
532,387,199,177
534,389,199,177
534,389,198,176
533,389,198,176
530,389,198,176
532,390,197,175
532,390,197,175
528,391,196,174
528,391,196,174
527,389,196,175
522,389,196,175
521,389,196,174
517,387,196,174
517,389,195,174
516,388,195,173
512,386,194,172
511,386,194,172
511,386,194,172
509,387,192,171
508,386,193,171
505,388,191,170
504,388,191,170
504,388,191,170
500,389,191,170
498,388,191,170
499,389,191,170
493,390,191,170
494,391,191,170
490,392,192,170
489,393,192,171
487,391,192,171
484,393,192,171
484,393,192,171
484,393,192,171
485,394,192,171
485,395,194,172
489,395,194,173
490,396,194,173
490,396,196,175
493,396,197,175
495,398,197,175
494,397,196,175
499,395,198,177
500,395,200,178
508,394,203,180
506,393,204,181
506,393,204,182
514,390,208,186
514,391,209,186
514,392,207,184
522,388,212,189
523,390,212,188
531,385,216,193
532,386,215,192
531,386,217,193
540,384,220,196
537,382,221,197
536,381,222,198
543,383,224,199
543,383,225,200
549,390,226,201
548,389,225,201
549,390,226,201
548,391,228,203
548,393,230,205
548,392,232,206
546,393,234,209
546,393,235,209
547,399,239,213
548,399,239,213
548,399,239,213
549,404,241,215
547,403,243,216
548,404,244,210
553,405,240,218
553,405,243,222
554,405,244,222
553,405,244,223
551,402,246,224
551,403,244,222
551,404,243,222
552,404,245,223
552,402,246,225
551,402,246,224
552,401,247,225
551,401,246,224
552,402,247,225
553,403,246,225
552,402,248,226
550,400,248,226
551,400,247,225
551,400,247,225
550,399,247,225
551,399,245,223
551,399,245,223
551,399,245,223
551,399,247,225
550,399,245,224
550,399,245,223
550,399,245,223
550,399,244,222
551,400,244,222
550,399,244,222
549,397,242,220
549,396,247,222
549,396,247,222
547,391,248,223
548,392,248,223
548,392,248,223
547,390,247,222
545,388,247,222
544,392,246,221
544,393,246,221
545,394,247,222
542,407,245,220
543,407,242,218
544,407,243,218
541,409,241,216
543,411,236,212
543,411,235,211
542,410,235,211
541,409,236,212
542,412,232,209
543,413,230,207
541,412,231,207
538,415,230,207
539,417,230,207
535,409,230,207
536,410,228,205
536,410,227,204
533,401,225,202
533,402,223,200
533,404,222,198
531,405,220,197
532,407,220,196
530,403,217,193
531,404,216,193
531,405,217,193
531,393,215,191
532,394,211,188
532,394,209,187
532,386,209,186
532,386,209,186
531,386,206,184
531,386,206,184
531,386,206,184
532,390,202,181
531,389,202,180
531,390,200,178
530,390,198,177
531,391,198,177
532,394,195,174
530,392,195,174
531,394,195,174
529,397,194,173
531,400,191,171
532,401,190,170
530,401,188,168
530,401,188,167
528,394,187,167
529,396,186,166
529,395,186,165
527,391,185,165
528,392,185,165
528,393,184,164
526,391,184,164
526,392,182,163
526,390,184,164
526,389,184,164
526,389,183,163
526,389,182,162
526,389,183,163
526,389,182,162
526,389,182,162
526,390,184,164
525,390,186,166
525,390,186,166
525,390,185,165
525,390,185,165
525,390,187,167
525,391,187,167
523,390,189,169
524,392,190,169
524,391,191,170
524,391,191,171
524,391,192,171
524,388,192,171
524,388,192,171
525,388,191,171
526,389,192,171
526,388,192,172
530,390,193,172
530,389,193,172
530,390,193,172
535,389,193,173
536,389,193,172
536,389,193,172
540,391,194,173
541,392,196,175
543,393,198,176
542,392,199,177
543,394,200,178
547,394,202,180
546,393,203,181
547,394,203,181
550,397,204,182
550,397,204,182
552,399,204,182
552,399,205,183
552,399,205,183
553,400,204,182
553,399,204,182
553,398,204,182
553,399,203,181
554,400,205,182
555,399,204,182
555,397,204,182
554,397,204,182
555,398,205,183
555,398,205,183
555,397,204,182
556,398,204,182
556,398,203,181
554,399,202,180
554,399,202,180
555,400,203,181
554,400,203,181
554,401,202,180
554,400,202,180
553,398,202,180
553,397,200,178
553,390,200,179
553,389,200,178
553,389,200,178
554,387,199,178
553,385,199,177
553,385,198,176
557,384,198,176
558,385,197,176
566,388,196,175
566,387,196,174
566,388,196,175
569,401,193,172
571,402,192,171
571,401,192,171
572,403,191,170
573,408,191,170
574,403,191,170
574,403,192,171
574,403,191,170
577,401,190,169
577,401,188,167
577,403,192,168
581,399,192,168
582,399,192,168
587,399,191,168
588,399,191,167
588,399,191,167
591,400,190,166
591,399,190,166
592,400,189,166
595,397,189,165
594,396,189,165
596,391,188,164
597,391,188,164
597,391,187,164
597,390,187,164
599,392,186,163
598,391,186,163
596,395,186,163
596,396,186,163
595,402,186,162
596,403,186,163
595,402,186,163
591,406,186,163
591,406,186,163
591,406,185,162
590,406,185,162
589,407,186,162
588,403,185,162
588,402,185,162
587,402,185,162
585,398,185,162
584,397,185,162
584,397,185,162
581,395,185,162
580,395,185,162
578,395,185,162
578,395,185,162
575,394,186,162
573,394,186,162
573,396,186,162
573,396,185,162
571,395,186,162
570,395,186,162
568,395,186,162
567,395,186,162
566,394,186,163
564,394,186,162
564,396,186,163
564,395,186,163
561,394,186,163
560,394,186,163
557,392,186,163
558,393,186,163
558,393,186,163
556,392,187,163
555,392,187,163
555,392,187,164
552,391,188,164
551,390,187,164
550,391,187,164
549,391,187,164
549,391,187,164
547,392,187,164
547,392,187,164
547,392,187,164
545,394,187,163
545,394,187,163
543,396,186,163
542,395,186,163
541,395,186,163
539,397,186,162
540,399,186,163
539,398,186,163
537,398,186,163
536,398,186,163
536,398,186,163
535,398,186,163
536,398,186,162
536,397,186,163
534,396,187,163
535,397,187,163
535,394,188,164
534,394,187,163
534,393,187,164
535,393,187,164
534,392,187,164
533,387,186,163
534,388,187,164
534,389,187,164
534,387,187,164
534,387,187,164
535,386,187,163
535,386,187,163
535,386,187,163
536,386,186,163
535,385,186,163
535,385,187,163
537,387,186,163
537,386,185,162
540,387,185,162
539,387,185,162
539,387,185,162
540,387,185,162
540,387,185,162
540,387,185,162
541,386,184,161
542,386,184,161
543,387,184,161
543,386,184,161
545,387,183,160
546,386,183,161
547,387,183,160
547,386,182,160
548,387,183,160
548,386,183,160
547,385,183,160
548,386,183,160
548,386,183,160
549,387,181,159
549,388,181,158
550,388,182,159
549,390,180,157
549,391,179,157
550,391,181,159
549,392,182,159
548,391,181,159
548,394,180,158
547,394,180,158
546,393,180,158
544,393,181,158
545,393,181,159
544,392,182,159
542,390,182,160
542,391,183,160
538,390,183,161
538,389,182,159
538,389,181,159
535,389,181,159
534,389,181,159
534,389,181,159
531,388,182,159
531,389,183,160
527,389,182,164
528,387,182,160
527,387,183,160
522,385,183,161
521,385,183,161
522,386,184,161
519,387,183,161
518,386,182,160
516,389,183,160
515,388,187,166
515,389,190,175
514,394,187,166
513,392,185,170
513,394,185,170
511,396,184,170
510,396,185,170
508,395,185,170
508,395,185,170
508,395,185,170
507,397,184,169
507,397,184,169
507,397,184,169
505,396,182,168
506,399,181,167
504,401,181,166
503,397,181,166
503,397,180,166
503,401,179,164
503,401,179,164
504,402,179,164
503,400,175,161
503,400,174,160
502,401,173,159
502,401,173,159
502,401,173,159
502,405,173,159
502,405,171,157
502,405,172,158
501,405,170,156
501,405,169,156
501,404,167,154
501,403,167,153
501,404,167,153
501,402,166,152
502,402,166,152
502,402,164,151
502,400,163,150
504,400,162,149
504,397,160,147
505,397,160,147
506,398,159,147
506,394,159,146
507,394,158,145
506,394,158,146
507,393,157,144
508,391,157,144
508,390,157,144
508,390,156,144
508,391,154,142
509,389,154,142
511,390,153,141
511,389,154,139
511,384,153,133
510,384,153,137
510,383,153,131
512,383,152,133
511,382,152,134
511,378,153,135
510,377,152,134
510,377,152,134
510,374,152,134
510,373,152,134
510,376,151,133
511,377,151,133
512,377,151,133
512,377,151,133
512,376,151,133
512,377,151,133
514,371,151,133
515,371,150,133
519,369,149,132
520,369,148,131
520,370,148,130
519,363,149,131
519,362,149,131
520,364,149,131
518,363,148,131
518,363,148,130
516,370,149,131
516,369,148,131
515,369,149,131
515,370,149,131
515,370,149,131
514,369,149,131
512,366,149,131
513,367,149,132
511,367,149,131
510,366,149,132
510,367,150,132
508,370,150,133
507,370,151,133
507,370,151,133
506,374,151,133
507,375,151,133
508,377,152,134
507,376,152,134
508,378,151,133
508,379,152,134
507,377,153,135
507,377,153,135
509,378,153,135
509,379,153,135
510,380,153,135
510,380,153,135
510,380,153,135
510,382,154,136
510,382,154,136
510,382,154,136
510,382,155,136
509,381,155,137
509,381,157,138
508,380,157,138
508,381,157,138
508,383,158,139
509,384,158,139
508,383,159,140
507,385,160,141
507,385,160,141
508,388,161,142
506,387,162,143
507,388,161,142
509,388,162,143
507,386,163,144
508,387,163,144
509,387,163,144
509,388,164,144
509,388,165,145
509,388,165,146
510,389,165,146
511,390,165,146
509,389,167,147
510,390,166,147
511,390,167,147
511,390,166,146
510,389,167,147
511,388,168,148
510,388,168,148
507,391,170,153
508,392,170,152
507,391,171,153
506,392,173,155
504,390,174,156
503,388,175,157
503,388,175,157
503,387,175,157
503,384,177,158
502,383,177,159
502,383,178,159
501,379,179,160
499,378,180,161
500,381,179,161
500,381,179,161
500,382,180,161
502,384,181,162
502,384,182,163
504,386,181,162
504,386,181,162
503,385,182,163
503,386,182,163
503,386,182,163
503,386,181,163
502,386,182,163
503,386,181,163
503,386,182,163
503,386,182,163
502,386,180,161
503,386,182,163
503,384,182,163
503,384,183,164
504,383,183,163
503,383,182,163
504,383,182,163
505,383,181,162
503,383,182,163
507,384,180,161
507,384,180,161
507,384,180,161
507,385,180,161
507,385,181,162
507,385,181,162
508,385,180,161
509,386,180,161
