358,235,95,92
360,236,94,91
360,236,94,91
361,237,93,90
361,237,93,91
364,239,93,90
364,239,92,89
367,240,92,89
368,241,92,89
372,243,91,89
372,242,91,88
380,247,90,87
380,247,90,87
382,249,90,87
383,249,89,86
385,250,89,86
386,251,88,86
388,251,88,86
388,251,88,85
388,247,87,85
387,247,86,84
387,247,86,84
386,247,86,83
386,247,86,83
385,247,85,83
384,247,85,82
378,248,84,81
378,248,84,81
375,248,84,81
374,248,84,81
374,248,84,81
369,248,84,81
369,247,83,81
355,249,83,80
355,248,83,81
347,249,83,80
347,249,83,80
339,250,82,80
339,250,82,80
331,252,82,79
332,252,81,79
317,254,81,78
317,254,81,78
307,254,80,78
307,254,80,78
304,254,80,78
304,254,80,77
301,253,80,77
301,253,80,77
297,253,79,77
297,253,79,76
295,253,78,76
296,253,79,76
294,253,78,76
295,254,78,76
293,253,78,75
294,253,78,75
294,254,78,75
294,254,78,75
294,253,78,75
294,253,78,76
295,252,78,76
296,252,78,76
296,252,78,76
296,252,78,76
295,252,78,76
296,253,78,76
295,254,78,76
295,254,78,76
296,256,79,77
297,255,80,77
296,254,79,77
296,254,80,77
295,255,80,77
293,257,80,77
293,257,80,78
294,257,80,78
294,257,81,78
296,256,80,78
296,256,80,78
299,255,80,77
298,255,80,78
299,255,80,78
297,255,80,77
296,256,80,78
295,258,81,78
294,258,81,78
294,258,81,78
294,258,81,78
295,258,81,78
295,255,80,78
293,255,80,78
295,253,80,77
294,253,80,77
294,253,80,77
294,251,80,77
295,252,80,77
295,252,80,78
293,252,80,77
292,253,80,77
292,252,80,77
292,254,79,76
295,256,77,75
294,256,76,74
293,256,75,73
293,256,75,72
293,257,74,72
293,258,74,72
289,257,73,71
289,257,72,70
288,255,71,69
280,254,77,75
279,253,78,76
280,255,76,74
280,255,76,74
279,255,74,72
279,256,74,72
278,256,74,72
278,256,73,71
274,255,76,74
274,255,77,75
273,254,79,77
273,254,79,77
273,253,80,78
273,253,80,78
277,253,80,78
278,253,80,78
279,253,80,78
278,252,80,78
279,252,80,78
279,253,80,78
280,253,80,78
279,252,80,78
278,252,81,79
277,252,81,79
278,253,80,78
277,253,80,78
277,253,80,78
277,253,81,79
276,253,81,79
275,253,81,79
274,252,81,79
275,253,81,79
275,253,81,79
274,251,81,79
274,251,81,79
275,252,81,79
275,252,81,79
275,252,81,79
278,252,81,79
278,252,81,79
279,252,82,80
285,252,83,81
284,251,83,81
288,251,83,80
287,250,84,82
291,249,84,82
291,249,84,82
298,246,85,83
298,246,85,83
303,245,85,83
303,246,85,83
306,245,86,84
306,245,86,84
312,246,86,89
312,246,85,88
317,246,85,88
317,246,81,89
321,245,82,90
321,245,82,90
324,244,83,91
325,244,82,90
326,244,81,89
326,244,81,89
326,244,81,89
326,244,81,89
326,245,79,87
326,244,80,88
324,245,78,86
323,244,79,87
322,244,78,86
322,244,77,85
320,244,77,84
320,243,76,89
318,244,75,88
318,243,74,87
313,245,74,87
313,245,74,87
312,247,73,85
312,246,73,85
311,247,73,86
310,247,70,86
309,248,69,85
309,248,69,84
310,248,68,84
310,248,69,84
311,248,68,84
311,248,68,84
313,249,68,84
314,250,67,83
314,250,68,83
309,251,87,84
309,251,86,84
314,251,86,83
314,252,87,84
324,253,85,82
324,254,84,81
331,253,85,82
332,254,84,81
343,254,84,81
344,254,83,80
348,255,83,80
349,254,83,80
352,254,83,80
353,254,83,80
356,254,82,79
356,254,82,79
355,250,85,83
355,250,85,83
355,250,85,83
355,250,85,83
355,250,85,83
355,250,85,83
350,249,86,84
351,249,86,84
349,249,86,84
348,249,86,84
344,249,86,84
345,249,86,84
335,249,86,84
334,249,86,84
328,248,86,84
328,249,84,84
320,249,84,84
312,248,85,85
312,247,85,85
295,245,85,85
295,245,85,85
288,244,86,86
288,244,86,86
281,244,86,86
281,243,86,86
269,242,87,87
268,242,87,87
263,242,87,87
263,242,87,87
259,242,87,87
258,241,87,87
252,240,87,87
253,240,87,87
251,240,87,87
250,240,87,87
250,240,88,88
250,241,88,88
250,240,88,88
250,240,88,88
251,239,88,88
251,239,88,88
251,239,88,88
251,239,88,88
251,238,89,89
252,237,89,89
250,237,89,89
249,236,89,89
247,236,89,89
248,237,89,89
245,236,89,89
240,237,89,89
240,237,89,89
238,237,89,89
238,238,89,89
235,238,89,89
234,237,89,89
233,238,90,90
232,237,89,89
227,238,89,89
227,237,89,89
225,237,88,88
224,237,89,89
222,237,89,89
221,236,90,90
218,236,89,89
218,236,89,89
217,236,88,88
217,236,89,89
217,236,88,88
217,236,88,88
217,236,86,86
218,237,86,86
217,237,86,86
217,236,86,86
218,236,86,86
218,236,86,86
219,237,86,86
219,237,86,86
222,236,87,87
222,236,86,86
224,237,87,87
224,236,87,87
227,236,87,87
227,237,88,88
235,237,88,88
234,237,88,88
240,237,88,88
240,237,88,88
246,237,88,88
246,238,88,88
253,238,87,87
253,238,88,88
267,238,87,87
267,238,87,87
274,237,87,87
274,237,86,86
279,238,86,86
279,238,86,86
289,239,85,85
289,239,85,85
292,239,85,85
293,239,85,85
298,240,85,85
298,240,85,85
300,241,84,84
301,241,83,83
302,241,82,82
302,242,81,81
303,242,80,80
303,242,80,80
304,243,79,79
304,243,79,79
304,243,79,79
303,243,79,79
302,243,79,79
298,243,80,80
298,243,81,81
298,242,81,81
294,242,83,83
289,242,84,84
289,242,84,84
289,242,84,84
278,242,84,84
273,242,85,85
273,242,85,85
267,241,85,85
266,241,86,86
253,240,86,86
252,239,87,87
244,238,87,87
243,238,88,88
236,239,88,88
236,238,88,88
222,237,88,88
221,236,88,88
215,238,89,89
215,238,89,89
209,238,90,90
209,239,90,90
204,240,91,91
203,239,90,90
194,239,90,90
194,239,89,89
192,239,88,88
189,239,88,88
187,240,88,88
186,240,88,88
184,241,89,89
184,242,89,89
184,241,89,89
184,241,89,89
185,240,89,89
185,240,90,90
190,240,90,90
189,241,90,90
192,240,90,90
192,240,90,90
196,239,90,90
196,239,91,91
203,238,91,91
203,238,91,91
206,239,91,91
206,238,91,91
211,238,91,91
211,238,91,91
219,238,91,91
219,238,90,90
223,238,91,91
223,238,91,91
225,238,92,92
225,238,92,92
229,238,91,91
229,239,91,91
234,239,92,92
233,238,92,92
235,239,92,92
234,238,92,92
236,238,91,91
236,239,91,91
236,239,91,91
235,239,92,92
236,239,92,92
235,238,92,92
235,238,92,92
234,238,92,92
231,238,92,92
229,237,92,92
229,238,92,92
227,237,92,92
227,237,92,92
226,237,92,92
223,237,92,92
221,237,92,92
221,237,92,92
219,237,93,93
219,237,93,93
217,238,93,93
216,238,93,93
215,238,93,93
215,238,93,93
214,238,93,93
214,238,93,93
213,239,91,93
213,239,91,93
213,240,91,93
212,239,91,93
211,239,91,93
212,239,91,93
211,239,91,93
211,238,91,93
211,238,91,93
211,238,91,93
210,238,91,93
210,238,91,93
210,238,91,93
210,238,91,93
210,237,91,93
209,237,90,92
209,237,91,93
209,237,90,92
209,237,90,92
209,237,90,92
209,237,90,92
208,237,90,92
208,237,90,92
208,237,90,92
208,237,90,92
208,237,90,92
207,236,90,92
207,236,90,92
206,236,90,92
207,237,90,92
207,236,90,92
207,236,90,92
208,237,89,91
208,236,89,91
207,235,90,92
206,235,90,92
206,236,90,92
207,236,90,92
208,235,90,92
208,235,90,92
208,235,90,92
208,235,90,91
208,235,89,91
208,235,90,91
207,235,90,92
207,235,90,92
206,234,89,91
205,234,90,92
203,233,90,91
202,233,90,91
197,232,90,92
195,231,89,91
195,231,89,91
190,229,90,92
190,229,90,92
187,228,90,92
186,228,90,92
179,227,90,94
179,227,90,94
176,227,90,94
176,227,90,94
173,226,91,95
173,226,90,94
167,227,90,94
168,228,87,91
166,229,87,91
165,228,87,91
164,228,88,92
164,228,88,92
162,227,90,94
161,227,91,95
161,227,91,95
162,228,91,95
163,228,91,95
164,228,91,95
166,228,92,96
165,228,92,96
174,228,92,96
175,228,91,95
179,227,92,97
179,228,91,96
185,227,91,95
185,227,91,95
196,227,93,97
197,228,91,95
201,228,93,97
206,228,94,98
207,230,92,96
207,230,92,96
211,229,93,97
211,230,93,97
218,231,93,98
222,234,92,96
222,233,93,97
222,233,93,97
224,233,94,98
223,233,93,98
224,234,94,98
223,234,94,98
222,234,94,98
222,234,94,99
222,234,94,98
221,234,94,98
219,234,94,99
219,234,94,98
218,234,95,99
218,234,96,100
217,233,96,100
217,233,96,100
217,233,96,101
219,233,96,100
218,232,97,101
219,233,96,101
219,232,97,101
220,231,98,102
221,231,97,101
221,232,97,102
221,232,97,101
222,232,97,102
222,231,98,102
224,232,98,102
225,233,97,101
227,233,97,101
228,234,96,100
228,233,96,100
228,233,97,101
229,233,97,101
230,233,96,100
230,233,96,100
229,233,96,100
231,233,95,100
232,235,94,98
232,234,94,99
232,234,94,98
233,234,94,98
233,234,94,98
234,234,93,97
234,234,93,97
235,234,93,97
234,233,94,98
235,233,94,98
236,234,93,97
237,233,92,97
237,233,93,97
238,233,93,97
238,233,93,97
238,233,93,97
237,232,94,98
238,232,94,98
239,233,93,98
240,233,92,97
240,233,92,97
240,232,94,98
239,232,94,98
241,232,93,97
241,232,93,97
241,231,94,98
241,232,93,97
241,232,93,97
241,231,93,97
244,231,93,97
243,230,94,98
244,231,93,97
244,230,93,97
245,230,93,97
247,230,93,97
247,230,93,97
248,230,92,96
248,230,93,97
248,229,94,98
248,229,95,99
249,230,94,98
250,230,93,97
250,230,94,98
250,230,94,98
250,230,95,99
251,231,94,98
252,230,94,99
252,230,95,99
252,229,96,100
252,229,96,100
252,229,97,101
252,229,96,101
253,230,96,100
254,230,95,99
253,230,96,100
253,230,97,101
253,230,97,102
253,229,98,102
253,230,97,101
254,230,97,101
253,230,97,101
253,231,97,101
253,231,97,102
253,231,97,102
253,230,98,102
253,231,97,101
253,230,98,102
252,230,99,103
253,231,98,102
254,232,98,102
253,231,98,103
253,231,99,103
254,232,98,103
254,232,99,103
255,233,99,103
255,233,99,103
255,234,98,103
255,233,99,103
255,233,99,104
256,234,99,103
256,234,99,104
256,235,99,103
256,235,99,104
256,235,99,103
256,235,99,103
256,236,99,103
256,236,99,103
256,236,99,103
256,237,98,102
255,235,99,103
255,236,99,103
255,236,99,103
254,235,99,103
254,235,98,103
254,235,98,102
254,235,99,103
254,236,98,102
253,234,99,103
253,235,99,103
253,235,98,102
253,234,99,103
253,235,97,101
252,235,97,101
252,234,97,101
252,234,97,101
251,234,97,101
251,234,96,101
251,235,96,100
249,234,97,101
250,235,95,99
250,234,96,100
249,234,97,101
248,234,97,101
248,234,95,100
248,235,93,97
247,234,95,99
247,234,94,98
247,234,94,98
246,235,92,96
246,234,94,98
245,234,93,97
245,234,93,97
245,234,92,96
245,235,90,94
245,235,90,94
245,235,89,93
243,233,92,96
243,233,92,96
243,234,91,95
243,233,91,95
243,233,92,96
243,234,91,95
243,233,92,96
243,233,92,96
242,233,92,96
243,233,92,96
242,233,92,96
242,233,92,96
242,233,92,96
242,233,92,96
242,233,92,96
242,233,92,96
242,233,93,97
242,234,92,96
242,234,92,96
242,233,93,97
242,234,92,96
242,234,92,96
242,234,91,95
241,233,92,96
240,232,93,97
240,233,93,97
240,233,92,96
241,234,92,96
240,233,93,97
239,233,93,97
239,233,93,97
239,232,93,97
238,231,94,98
238,232,94,98
237,232,94,99
237,232,95,99
237,233,94,98
236,232,94,98
235,232,94,98
235,232,94,98
235,233,93,97
235,233,94,98
234,233,93,97
233,232,93,97
233,232,93,97
230,232,92,96
231,233,91,95
228,232,91,95
228,232,91,95
223,231,91,95
219,231,90,94
220,231,89,93
215,230,91,95
215,231,90,93
209,230,91,95
210,231,90,94
201,231,89,93
193,230,90,94
193,230,90,94
188,230,90,94
188,230,90,94
184,230,90,94
181,230,89,93
181,229,89,93
178,229,89,93
176,229,89,93
177,228,89,93
181,227,86,90
182,228,86,89
185,228,84,88
185,227,84,88
189,228,84,87
188,228,84,87
196,235,79,85
205,235,81,87
206,236,80,85
213,237,80,86
213,237,80,86
224,239,79,85
224,240,79,85
252,249,77,83
266,251,76,82
266,251,76,82
281,252,76,82
280,252,76,82
294,253,76,81
307,253,75,81
307,252,75,81
319,252,74,80
320,253,74,80
331,253,74,80
331,253,74,80
353,255,74,80
364,256,74,80
364,256,74,80
376,257,73,79
375,257,73,79
388,258,74,80
398,259,72,77
398,258,72,78
418,259,70,76
412,260,70,76
429,264,72,78
427,264,70,76
461,264,71,77
475,264,70,76
474,263,72,77
487,262,72,78
487,263,72,78
501,264,71,77
516,264,71,77
517,265,72,77
529,264,72,78
528,263,73,79
542,262,74,80
542,262,74,80
569,261,75,82
569,262,75,82
583,263,76,83
597,265,77,83
596,264,78,84
613,268,77,84
612,267,79,86
632,269,78,84
658,264,83,89
651,260,87,94
671,259,78,82
671,261,79,83
686,259,78,82
688,260,76,80
701,258,76,79
711,257,77,80
710,257,77,81
719,257,77,81
718,257,77,81
726,259,78,82
738,260,79,83
739,260,79,83
743,260,79,82
743,260,79,83
745,259,79,83
745,259,80,84
747,258,80,84
747,256,82,86
748,256,82,86
749,257,83,87
749,257,84,88
751,258,84,88
751,258,84,88
756,257,84,88
759,257,84,88
759,257,84,88
764,257,85,87
764,257,84,86
768,257,83,85
767,257,84,86
772,257,83,85
780,258,87,89
780,258,87,89
798,258,87,89
799,258,87,89
811,259,87,89
824,260,87,89
824,260,87,89
838,260,86,88
838,261,85,87
852,260,84,86
853,260,84,86
867,259,86,88
881,258,79,87
881,258,79,87
907,258,53,87
907,259,53,85
919,260,41,83
