547,249,144,73
547,248,145,74
550,251,143,73
547,252,143,70
545,248,143,74
544,252,140,69
544,252,140,69
544,253,141,69
544,254,138,68
542,255,138,68
541,256,136,67
535,255,136,67
539,255,136,67
539,255,138,68
538,256,138,68
537,258,138,68
534,257,142,68
534,257,142,68
532,256,142,68
530,255,142,68
526,255,142,68
528,256,141,67
528,256,141,67
528,257,141,67
525,254,138,70
525,256,137,69
525,254,139,70
528,254,141,71
527,254,142,72
530,251,141,72
532,252,141,72
533,253,138,71
528,250,143,73
526,249,141,72
527,249,139,71
528,249,139,71
530,248,138,71
533,248,134,69
531,246,138,71
527,244,140,72
528,244,141,72
523,243,141,72
527,240,141,72
527,239,139,71
527,240,141,69
527,241,142,69
527,240,142,70
529,241,143,70
527,241,147,72
529,244,144,72
531,243,138,73
536,244,131,72
535,244,132,72
535,244,133,72
536,244,136,72
539,244,135,72
540,244,139,72
540,244,138,72
541,243,140,73
538,245,146,71
538,245,145,70
536,245,145,71
533,245,145,71
533,245,145,71
532,244,143,72
530,246,142,72
530,246,135,72
529,245,133,74
528,245,136,76
527,245,136,76
528,244,137,76
527,243,136,76
529,243,136,76
530,244,138,75
529,244,141,74
531,244,143,75
531,243,145,76
537,242,147,77
544,243,134,75
549,245,135,73
549,245,134,73
552,245,133,72
553,246,133,72
555,249,134,73
560,249,132,71
560,249,132,71
564,251,130,70
575,250,128,69
585,243,128,69
590,242,131,70
593,237,129,71
593,237,129,71
595,235,128,71
592,237,129,71
589,237,128,71
589,232,129,71
593,236,129,71
592,236,130,71
591,238,131,72
594,240,134,74
594,243,135,74
594,249,131,72
593,253,129,71
593,253,129,71
589,256,131,72
589,260,132,73
591,270,130,71
582,274,137,69
585,277,128,68
585,278,127,68
582,280,123,68
582,286,122,67
585,290,122,67
595,295,125,69
592,293,126,70
598,291,124,69
600,289,127,69
610,289,126,67
614,288,128,67
614,288,128,67
622,287,129,67
629,284,129,67
633,281,131,68
636,283,129,68
641,281,130,68
640,278,130,68
638,278,133,69
640,279,129,67
639,280,129,67
636,280,133,70
628,283,123,69
626,282,121,68
623,281,123,69
624,281,123,69
619,280,124,70
613,278,126,71
609,279,125,70
612,279,123,69
607,279,123,69
606,278,123,69
599,279,124,70
596,278,122,70
588,279,129,69
582,280,128,68
579,282,127,68
580,282,127,68
577,286,127,67
577,286,128,68
576,288,129,68
577,290,128,68
577,286,130,69
582,286,131,69
578,291,128,70
579,293,123,71
579,293,124,71
581,294,124,72
581,293,126,73
576,295,130,71
576,293,133,72
577,293,133,73
576,293,132,72
576,293,132,72
575,291,132,72
573,291,135,74
576,290,124,68
576,290,108,70
578,288,102,62
581,287,97,65
581,287,97,65
575,285,98,65
573,284,98,65
573,284,99,66
568,283,102,66
568,283,103,64
567,282,103,66
569,283,100,65
565,283,100,67
556,286,106,65
556,285,106,65
558,285,105,64
558,284,104,64
558,284,104,64
558,284,104,64
559,283,104,64
560,283,104,64
559,283,99,64
560,283,100,64
562,283,100,64
562,283,100,64
559,284,101,65
559,285,101,65
558,286,101,65
557,287,101,65
558,287,100,64
558,286,100,64
560,286,100,64
561,284,101,65
562,284,101,65
563,282,102,66
566,281,102,66
563,281,102,66
563,281,98,66
564,280,96,66
564,278,92,65
564,281,80,59
564,281,80,59
564,276,78,62
554,276,77,62
555,276,77,61
555,274,77,61
556,274,76,61
559,273,78,62
560,273,79,63
555,273,79,63
560,274,79,63
562,274,80,64
562,274,80,64
565,273,81,65
568,272,83,66
569,271,83,67
571,272,84,67
572,271,84,67
572,271,84,67
572,271,84,67
573,272,84,67
573,271,84,67
573,271,84,67
574,271,84,67
573,271,84,67
574,271,85,67
574,271,84,67
574,270,84,67
575,271,84,67
576,270,84,67
577,270,85,68
579,270,84,67
580,270,84,67
579,270,84,67
578,271,84,67
578,271,84,67
578,272,84,67
578,272,84,67
578,271,84,67
579,271,84,67
581,271,84,67
581,271,84,67
582,270,85,67
582,271,84,67
584,270,84,67
584,268,84,67
585,267,85,68
584,266,85,68
584,266,85,68
583,266,85,68
583,267,85,68
583,267,85,68
583,267,85,68
584,268,85,68
586,266,85,68
587,266,85,68
588,266,86,68
589,265,85,68
590,265,85,68
591,264,86,68
591,264,86,68
591,264,85,68
592,264,85,68
592,264,85,68
592,263,85,68
591,264,85,68
590,265,86,68
589,266,85,68
589,266,85,68
590,266,85,68
589,266,85,68
589,265,85,68
587,265,85,68
587,265,85,68
587,265,85,68
587,265,86,68
586,264,85,68
586,263,85,68
585,262,86,68
585,260,86,68
585,260,85,68
586,260,84,67
581,260,90,67
581,260,90,67
580,261,89,66
581,259,89,66
580,259,92,65
580,259,92,65
582,259,92,65
583,260,92,65
583,260,93,66
583,257,95,67
583,257,87,67
583,256,87,67
583,255,82,66
584,254,77,65
582,253,76,65
581,256,73,64
580,256,73,64
582,256,73,64
581,256,74,65
583,255,74,65
579,256,74,65
579,256,74,65
579,256,74,65
580,256,75,65
582,256,75,66
578,256,72,65
578,256,72,65
578,256,72,65
579,255,72,65
579,256,73,66
578,253,74,67
577,252,74,67
576,249,74,67
575,249,74,67
573,247,70,67
572,247,70,67
570,252,70,67
570,255,71,68
570,255,66,61
569,258,67,62
567,259,67,62
566,258,66,61
564,257,66,61
563,258,65,60
563,258,65,60
561,258,65,60
556,256,65,60
555,255,66,61
554,255,66,61
550,256,69,62
550,256,69,62
550,255,69,62
549,254,69,59
548,252,71,59
548,252,71,59
546,251,71,59
546,251,71,59
546,251,71,59
546,250,71,59
543,251,74,59
540,250,79,59
538,250,81,59
538,250,80,58
537,248,80,58
537,247,79,58
533,247,80,60
528,249,79,62
528,249,79,62
528,248,79,62
526,245,80,63
525,245,81,64
521,245,82,65
517,246,84,62
517,246,84,62
517,246,84,62
518,248,85,61
518,250,84,59
510,251,92,58
510,251,93,59
509,250,90,59
509,252,89,60
508,253,88,61
506,254,87,63
506,255,85,62
505,254,87,63
504,253,86,63
503,253,85,62
501,252,87,63
498,252,89,65
494,254,90,61
491,252,89,63
493,252,89,64
492,251,89,64
490,251,91,65
489,250,91,66
488,250,93,67
485,250,91,64
482,251,96,65
481,253,96,65
481,258,95,57
481,255,96,61
481,256,98,62
476,257,105,61
475,255,105,61
472,255,107,62
470,255,99,63
470,256,98,62
470,257,96,62
468,257,97,62
467,258,96,62
463,257,97,62
460,259,98,61
458,259,98,61
458,259,99,62
456,260,100,62
453,260,102,64
451,262,102,63
450,262,101,63
450,261,99,62
451,260,99,62
453,260,100,62
455,260,100,62
458,261,98,61
458,261,101,61
457,262,102,60
458,262,101,59
454,263,101,59
452,263,100,59
450,262,101,59
448,262,103,60
447,261,103,60
446,261,104,61
443,265,101,59
440,264,99,61
439,265,98,60
440,265,96,59
441,265,95,58
437,262,98,60
436,262,97,59
432,262,100,58
432,263,101,57
429,263,103,56
430,264,101,55
430,264,103,56
432,264,100,56
434,263,96,57
434,263,98,63
434,263,98,63
435,262,99,64
433,263,100,64
433,267,99,61
433,265,104,63
435,264,105,63
435,263,105,64
438,262,104,63
438,262,105,64
431,260,105,64
430,259,104,63
431,260,103,63
427,261,99,60
425,262,98,59
419,262,99,60
418,262,99,60
413,262,101,61
414,261,102,62
412,260,103,62
407,261,104,63
404,262,105,64
403,261,104,64
403,264,103,61
403,261,100,64
403,265,100,61
400,264,97,62
401,264,98,63
402,265,97,62
403,266,98,62
403,266,98,63
407,265,96,61
407,263,98,63
402,265,101,62
401,265,98,61
401,265,97,61
400,265,99,61
399,265,95,62
400,266,89,58
396,265,91,58
396,265,90,58
396,265,90,58
395,266,90,57
393,266,90,58
391,264,88,56
391,265,88,56
391,265,88,56
388,263,88,56
388,264,88,56
388,264,88,56
387,264,85,56
387,264,82,56
388,264,82,56
387,264,80,57
386,265,80,57
383,266,81,58
384,267,81,58
383,266,82,59
383,266,83,59
382,266,83,59
380,267,83,59
380,267,83,59
380,267,82,59
381,268,83,56
381,268,83,56
380,267,84,57
379,267,84,56
379,266,86,58
378,267,83,59
376,267,83,58
375,267,83,58
373,268,83,58
370,269,83,58
370,269,83,58
370,268,84,59
371,267,85,59
369,267,85,60
367,268,86,60
366,269,86,60
364,268,87,61
365,269,87,61
365,269,87,61
366,268,88,62
369,269,88,58
371,268,87,58
373,268,88,58
377,267,89,59
377,267,89,59
379,268,88,58
380,268,91,56
382,266,93,57
384,263,95,58
384,263,97,59
383,263,95,59
382,264,95,54
384,263,92,57
384,262,92,54
384,263,86,55
383,263,90,57
382,264,90,57
379,263,91,57
378,263,88,56
379,263,88,56
376,263,89,57
376,263,90,57
370,264,95,56
368,264,95,56
366,263,95,56
363,264,94,55
364,264,93,55
361,266,92,54
356,267,91,54
355,267,91,54
353,267,90,53
353,267,90,53
349,267,89,53
342,267,88,52
339,266,91,54
337,265,92,54
335,266,93,55
336,266,92,54
332,269,90,53
328,270,90,53
323,270,89,52
320,270,89,53
318,270,88,52
319,272,85,52
311,269,91,56
309,268,94,57
309,270,94,54
313,269,94,54
313,269,93,53
310,268,98,53
311,267,94,56
310,266,95,56
310,266,96,57
311,266,96,57
311,266,96,57
313,267,92,57
314,266,92,57
316,266,93,57
320,265,93,56
320,265,94,57
322,264,90,58
324,263,90,58
328,263,90,58
329,261,90,58
330,261,91,59
330,260,91,59
331,260,90,58
332,259,90,58
333,259,90,58
333,258,90,58
332,259,90,58
332,259,90,58
333,261,89,57
334,260,90,58
336,260,90,58
338,260,91,59
339,261,91,59
341,261,90,58
341,261,90,58
341,263,90,58
341,263,91,58
341,265,90,58
340,265,90,58
340,265,89,58
338,266,90,58
335,267,90,58
331,268,91,59
329,270,91,59
329,270,91,58
327,270,90,58
325,270,91,59
324,270,91,59
324,272,91,58
322,271,90,58
322,271,90,58
322,271,90,58
321,271,90,58
322,271,90,58
323,270,90,58
323,270,90,58
323,269,90,58
323,269,90,58
323,269,90,58
323,269,91,58
322,269,90,58
323,269,90,58
324,268,90,58
323,267,90,58
324,267,90,58
324,267,90,58
324,266,89,58
324,265,89,58
324,264,89,58
323,263,89,58
322,262,89,58
320,261,89,58
320,261,89,58
319,261,90,58
318,259,90,58
318,261,90,58
317,260,90,58
317,258,91,58
317,258,91,59
317,256,91,59
317,255,91,59
316,257,90,58
315,257,90,58
315,257,90,58
316,258,90,58
315,260,90,58
314,262,90,58
315,265,90,58
317,269,90,58
319,271,90,58
319,271,91,59
323,271,90,58
321,276,91,58
321,281,91,58
324,279,90,58
324,280,90,58
327,276,90,58
328,277,90,58
325,280,90,58
318,283,91,58
318,284,91,59
314,286,91,58
310,285,91,59
304,283,91,59
302,282,90,58
300,283,89,57
300,283,89,57
296,287,89,57
295,290,89,57
297,293,89,54
300,292,88,54
308,288,89,54
308,288,89,54
313,281,90,55
318,279,89,54
321,277,88,53
323,275,88,53
324,273,89,54
325,273,89,54
328,270,87,53
329,268,88,54
328,263,93,54
329,263,94,53
329,263,93,53
330,269,93,53
336,269,95,54
341,267,96,55
351,264,98,56
362,261,98,56
361,261,95,54
373,259,94,54
390,254,89,54
406,245,91,55
416,238,90,57
424,236,90,56
425,239,83,51
425,243,78,52
425,247,79,52
426,250,78,51
430,252,79,52
434,255,79,52
434,255,80,53
442,257,80,48
450,258,81,48
456,258,82,49
462,261,82,49
462,260,82,49
469,262,84,51
475,261,85,51
477,261,83,52
475,262,86,52
473,261,88,52
474,263,87,52
475,263,88,52
472,263,87,52
471,263,87,52
470,265,86,51
470,264,86,51
468,264,87,52
468,264,87,52
465,264,86,51
466,264,86,51
467,264,85,51
468,265,85,50
470,266,85,50
470,265,86,51
469,265,84,50
472,264,84,50
474,263,83,49
474,263,84,50
477,262,84,50
478,261,84,50
479,263,84,50
480,264,83,50
481,265,84,50
481,265,84,50
484,267,83,49
485,268,82,49
486,269,82,48
487,269,83,49
489,269,82,48
490,269,82,48
493,269,82,49
493,268,82,48
495,268,83,49
496,267,83,49
496,267,84,50
497,266,83,49
497,267,83,49
498,268,84,50
498,270,83,49
498,270,83,49
498,272,84,50
497,271,83,49
498,271,83,49
499,272,83,49
498,272,83,51
498,272,82,50
499,273,81,50
498,274,83,51
498,275,82,51
498,277,82,50
498,278,82,50
498,278,81,50
499,278,81,50
498,278,81,50
497,279,80,49
496,280,82,50
495,280,81,50
495,281,80,49
494,280,81,50
493,280,80,49
491,280,80,49
490,279,81,50
490,280,81,50
489,278,81,50
489,278,81,49
488,278,80,49
487,277,80,49
487,277,81,50
486,276,81,50
485,276,82,50
484,277,82,51
482,278,82,51
481,277,82,50
480,277,82,50
480,277,82,50
480,277,82,50
481,277,82,50
480,278,84,51
480,276,84,51
483,275,83,51
482,274,83,51
483,274,83,51
479,272,83,51
478,271,83,51
477,269,85,52
477,269,85,52
477,270,85,52
477,271,86,53
472,271,86,52
472,271,86,52
472,272,87,53
473,272,87,53
472,273,86,52
476,273,85,52
476,273,86,52
479,274,85,52
479,275,85,52
479,274,87,53
478,275,86,53
478,275,86,53
478,276,85,53
474,277,83,53
474,277,82,53
473,278,82,53
473,280,81,52
471,280,79,50
467,281,78,50
460,281,78,50
460,281,78,50
