326,566,213,132
329,557,211,134
330,556,212,133
349,555,212,135
349,556,214,136
353,556,214,136
358,554,209,137
363,548,212,139
368,544,208,137
387,544,205,134
387,542,204,134
388,542,204,134
390,541,201,132
392,542,202,132
397,540,202,132
411,540,206,135
413,534,205,134
414,533,207,136
418,534,207,136
418,538,204,134
415,536,207,136
436,535,209,137
441,527,208,137
444,518,209,139
447,516,209,140
451,515,207,136
454,515,202,137
472,514,202,137
481,514,200,135
483,509,197,134
475,506,198,135
482,504,196,133
483,498,197,130
500,496,201,131
506,496,195,130
506,493,197,132
512,484,198,136
519,481,197,134
521,480,195,132
540,478,190,129
539,475,193,131
547,473,195,132
552,470,194,132
554,468,192,130
559,466,190,129
579,469,188,128
582,468,189,128
589,469,189,129
597,472,193,131
601,473,195,132
607,472,194,132
623,472,193,131
631,471,191,130
634,467,190,129
639,469,188,128
648,472,186,126
650,477,186,126
665,479,186,126
674,484,186,126
678,483,186,126
683,481,187,127
686,481,186,126
690,482,187,127
701,485,187,127
702,485,189,128
707,487,184,130
707,491,188,131
709,493,189,131
715,498,189,132
721,499,189,132
723,501,190,133
724,500,189,136
726,500,185,135
729,501,183,138
732,502,187,138
736,503,186,138
739,505,186,138
741,506,189,138
743,507,190,138
743,509,191,137
745,510,191,137
744,511,196,142
743,512,197,139
749,512,193,143
746,515,198,142
748,515,194,144
749,516,195,144
753,517,193,143
750,517,196,145
751,518,195,144
751,517,194,141
751,517,194,141
752,517,194,142
753,517,193,142
754,517,192,143
754,518,192,144
752,516,194,145
753,518,193,149
753,519,192,152
758,521,188,149
759,523,187,149
756,522,190,149
754,522,192,148
755,523,190,148
745,520,191,150
745,520,191,150
743,518,191,150
741,518,189,149
739,517,188,147
735,515,187,147
725,510,192,150
721,510,191,150
723,510,192,150
717,506,193,151
714,505,190,149
712,503,189,149
711,505,189,148
701,501,191,150
697,500,191,150
696,500,190,149
691,498,191,150
689,498,190,149
685,496,191,150
685,496,190,150
683,494,190,149
682,493,190,149
682,493,189,148
681,493,189,148
681,493,188,148
681,493,188,148
680,492,188,148
680,492,188,148
680,492,188,148
679,491,188,148
678,491,188,148
678,490,187,147
678,491,188,148
677,490,187,147
676,490,187,148
674,489,187,147
670,489,188,148
670,489,188,148
671,489,187,147
669,489,185,146
669,489,185,146
667,489,184,145
663,487,183,145
662,487,183,145
661,486,183,145
659,485,183,145
652,482,183,145
647,482,182,144
646,482,182,144
638,476,185,146
636,476,185,146
632,475,185,146
627,474,185,146
624,470,185,146
617,468,184,145
616,467,184,145
616,468,182,144
615,466,184,145
611,463,187,147
610,463,186,147
603,460,185,146
602,460,186,147
602,460,187,147
600,459,187,147
599,459,187,148
592,459,187,148
590,458,188,149
589,457,189,149
589,457,188,149
587,455,187,148
584,456,186,148
584,456,186,148
584,457,186,148
582,455,186,148
583,456,184,147
579,452,186,148
579,452,186,148
578,451,187,149
579,452,186,148
577,450,187,148
578,451,186,148
578,451,185,148
576,449,187,148
577,450,186,148
575,448,186,148
576,448,186,148
575,447,186,148
574,446,187,149
573,446,186,148
574,446,186,148
574,446,186,148
573,445,185,147
572,444,186,148
573,445,185,147
573,445,185,147
571,443,185,148
570,442,186,148
572,443,185,147
572,443,184,147
571,442,184,147
570,441,185,147
570,442,185,147
570,442,185,147
570,441,185,147
568,440,185,147
567,439,185,147
568,440,185,147
568,439,185,147
566,438,185,147
566,438,186,148
564,436,186,148
565,437,185,147
564,437,186,148
563,436,186,148
561,434,187,149
561,434,187,149
562,435,187,149
562,435,186,148
561,434,186,148
559,433,187,149
559,433,186,148
559,433,186,148
560,433,186,148
558,431,187,149
556,431,187,148
557,431,186,148
556,430,187,149
557,431,186,148
555,429,186,148
556,429,186,148
554,427,187,149
553,426,187,149
553,425,187,148
554,425,186,148
554,425,185,148
552,422,187,148
554,423,184,147
552,419,185,147
551,417,185,147
550,415,186,148
550,414,185,147
550,413,185,147
548,409,186,148
549,408,185,148
547,405,185,147
546,403,186,148
545,400,186,148
546,399,185,147
546,396,185,147
545,393,185,147
542,388,186,148
542,386,185,148
540,381,186,148
541,379,186,148
539,374,185,147
539,371,185,147
539,367,185,147
538,363,184,147
536,356,185,147
536,353,185,147
535,348,184,147
533,341,185,147
533,338,185,147
533,332,185,147
532,327,185,147
532,322,184,146
530,315,183,146
532,311,182,145
529,306,184,146
528,303,183,146
528,301,183,146
528,299,184,146
527,298,183,146
525,296,184,147
523,294,185,147
522,295,185,147
522,296,184,147
520,296,184,146
518,298,185,147
518,303,184,147
516,303,184,147
516,307,185,147
514,309,185,147
513,313,184,147
511,313,186,148
509,316,185,147
509,321,185,147
508,323,185,147
506,325,186,148
500,319,195,155
504,320,197,158
499,316,201,164
498,324,208,159
508,315,200,174
511,315,198,178
532,317,179,183
531,320,188,184
532,325,197,193
532,324,203,202
541,333,207,187
540,334,207,187
554,338,207,187
553,342,206,186
563,342,203,184
566,346,202,183
566,347,205,186
565,349,206,186
572,351,206,180
573,351,206,180
573,351,207,181
584,353,198,180
592,362,196,173
594,363,197,172
593,363,197,172
593,363,198,173
595,365,196,171
596,367,193,168
594,366,197,172
593,371,203,166
592,371,203,166
591,371,205,168
590,370,205,167
592,380,206,153
593,377,208,156
595,378,206,155
595,378,206,155
593,377,206,155
601,379,198,153
604,378,197,157
602,381,199,150
611,378,190,151
606,376,193,154
608,375,192,155
615,375,187,155
617,376,188,157
616,377,190,157
618,378,187,156
620,377,184,156
623,378,182,156
624,379,182,156
624,379,182,156
624,379,181,155
628,380,180,155
628,380,180,155
627,380,179,154
628,382,179,154
627,382,178,154
624,381,180,155
623,382,179,154
623,378,170,158
621,378,171,159
620,378,171,159
617,378,170,158
613,378,172,153
599,378,183,150
599,378,183,150
596,377,183,150
586,386,190,142
580,386,190,142
571,385,191,143
565,386,191,143
567,387,189,141
559,389,189,141
554,389,190,142
544,390,189,141
534,388,198,143
532,391,198,137
532,391,198,137
528,391,198,141
524,390,199,133
510,392,209,138
502,391,213,145
492,393,220,148
495,391,216,148
490,392,217,147
480,392,221,146
474,392,221,146
469,391,222,146
461,391,221,146
461,391,221,146
457,390,222,146
454,392,223,147
449,391,223,147
441,391,220,145
428,391,220,145
429,392,221,146
423,391,221,146
414,389,225,148
408,387,224,148
399,387,227,150
389,385,233,154
388,385,233,154
384,386,231,152
379,387,232,153
368,385,228,155
361,386,221,155
349,386,224,154
349,386,224,154
343,385,226,155
338,387,226,155
327,389,223,154
309,389,227,153
304,391,225,152
304,391,224,151
295,389,225,151
279,387,229,155
263,386,229,157
253,383,229,148
246,384,226,147
245,384,227,148
243,388,222,144
228,388,224,146
205,388,223,145
195,388,222,144
185,387,220,143
186,387,219,143
171,385,219,142
161,387,217,141
151,387,208,142
138,389,208,143
128,389,214,139
128,389,215,139
125,388,209,143
114,384,211,145
102,380,205,144
89,384,207,144
78,388,203,144
84,387,197,146
71,390,203,142
64,389,205,143
57,390,203,142
48,389,194,143
36,390,195,145
37,392,199,144
24,396,195,141
20,399,192,139
16,403,190,137
3,403,183,132
0,399,184,133
0,402,182,132
1,398,182,131
1,396,177,140
1,399,164,133
1,401,147,134
1,402,133,140
1,404,139,138
1,405,129,137
1,406,118,135
1,405,120,140
1,405,120,140
1,405,105,140
1,405,113,141
1,407,108,139
1,408,96,136
1,409,94,130
1,411,92,132
1,410,91,132
1,411,85,133
1,415,90,129
1,416,90,125
1,419,93,126
1,421,88,128
1,423,86,129
1,422,97,131
1,426,90,133
1,427,90,133
1,426,89,133
1,427,83,133
1,429,85,138
1,428,98,139
1,425,99,141
1,429,108,138
1,431,107,137
1,428,108,137
1,429,103,135
1,431,112,135
7,433,108,130
1,432,109,127
1,429,113,133
1,428,119,133
1,431,128,131
1,432,137,129
1,431,146,134
1,432,157,132
1,430,155,134
1,423,164,142
1,423,164,140
1,430,174,132
1,409,172,154
12,396,167,165
19,403,162,155
26,403,162,155
34,403,164,157
46,404,163,156
57,395,159,166
68,396,153,163
73,394,150,167
88,397,144,166
97,387,144,173
105,393,146,170
114,393,146,170
122,392,145,169
131,391,145,169
142,392,145,169
150,392,144,168
159,392,142,166
170,394,142,165
178,394,141,164
186,393,142,165
194,393,142,165
202,393,141,164
211,393,141,164
219,393,141,164
227,392,141,165
233,392,142,165
240,392,141,165
247,392,142,165
254,391,136,168
260,391,136,168
267,392,135,167
274,392,136,168
279,393,133,165
286,394,132,163
293,394,132,163
297,394,133,164
301,394,133,165
304,393,134,165
308,394,133,165
305,395,142,165
306,400,146,161
310,399,145,161
312,405,145,156
306,408,154,154
313,414,149,148
305,418,159,141
305,418,161,143
308,419,161,143
309,418,158,146
310,422,156,144
311,423,156,144
311,424,156,144
311,424,157,145
313,423,157,145
315,423,158,146
316,424,157,145
313,423,164,149
312,425,166,147
306,426,172,144
311,425,171,142
311,425,172,143
304,430,179,135
302,430,182,133
304,432,181,129
304,430,181,129
305,428,181,129
303,426,185,132
301,426,186,133
300,425,187,134
301,426,187,134
298,423,189,135
301,422,191,137
299,422,191,136
298,422,192,137
297,421,193,138
296,422,193,138
296,423,191,137
297,422,192,137
302,423,193,138
302,424,189,139
300,423,184,139
300,425,177,138
296,424,179,138
299,424,178,138
300,424,179,138
299,423,178,137
299,422,185,138
299,421,186,139
300,422,187,140
305,423,185,138
304,421,186,139
304,421,189,141
299,421,178,130
301,421,174,128
301,421,175,132
306,421,170,127
308,422,173,136
307,421,172,133
307,421,176,130
309,424,173,133
309,421,171,136
310,422,178,133
311,422,177,136
312,421,180,133
314,420,180,140
315,418,181,136
315,416,182,137
320,417,182,136
320,414,182,137
320,413,184,138
322,413,182,137
323,412,183,138
323,411,183,138
317,412,189,136
317,411,182,137
319,411,180,137
320,410,188,135
319,413,188,135
325,409,184,137
324,413,188,132
320,413,197,132
321,415,204,128
318,413,212,127
317,413,212,131
318,413,203,130
323,413,202,129
326,413,201,129
328,412,188,131
332,413,183,130
338,412,179,132
341,411,180,127
343,411,179,130
346,410,178,130
350,410,178,129
357,411,176,128
362,411,173,126
359,410,182,127
366,412,179,125
353,409,190,130
353,405,188,131
353,405,185,129
357,405,185,129
365,406,179,130
369,407,180,131
364,405,189,134
368,404,188,131
369,405,194,132
366,406,201,130
367,407,204,129
374,407,198,131
375,408,194,123
375,406,186,123
376,406,184,129
376,404,185,133
377,404,190,128
384,402,191,130
384,402,190,130
383,403,194,131
386,402,180,134
385,405,176,131
382,402,178,131
389,403,179,126
386,401,179,133
384,401,184,127
385,401,185,128
387,403,183,130
384,403,180,133
391,402,177,131
389,401,175,130
387,398,174,129
384,395,173,129
383,394,175,130
378,395,175,130
385,394,174,130
384,395,174,130
384,392,164,130
381,393,168,129
381,392,164,130
379,391,164,129
387,391,162,128
387,392,160,127
382,394,158,126
382,393,158,125
380,393,156,125
380,390,158,124
389,390,155,124
387,388,157,124
386,385,158,124
386,386,157,124
384,385,150,127
386,385,142,129
390,383,146,130
390,381,147,131
390,379,150,134
388,379,144,126
386,379,146,125
384,381,146,125
396,382,142,124
392,387,143,127
392,387,143,127
394,386,142,126
393,380,143,127
398,374,142,131
406,374,143,131
408,372,140,133
410,374,129,134
410,378,130,127
411,377,126,127
414,377,123,124
420,377,122,128
423,376,119,127
421,375,121,129
419,375,122,130
420,379,115,130
416,381,122,120
413,387,121,118
420,388,121,111
418,390,123,113
418,388,121,119
420,386,118,115
420,386,117,114
422,386,119,116
426,386,119,116
430,387,115,117
431,390,110,115
429,392,109,114
430,393,103,116
