200,279,15,21
201,279,15,21
202,279,15,21
204,279,15,21
205,278,15,21
207,278,15,21
209,276,15,21
210,276,15,21
211,277,16,21
212,276,18,21
213,275,19,21
214,274,20,21
214,274,22,17
215,274,22,17
215,274,22,17
217,273,23,19
218,272,23,20
218,272,23,20
219,272,26,19
220,270,27,20
223,272,25,18
225,272,24,16
227,271,25,17
228,271,24,17
229,271,24,17
231,271,24,17
233,270,24,17
234,270,24,17
236,270,24,17
237,270,24,17
239,270,24,17
239,270,24,17
241,269,24,17
242,269,24,17
246,267,24,17
246,267,24,17
248,266,24,17
249,265,24,17
251,265,22,17
252,264,22,17
254,263,21,16
255,263,21,16
257,262,21,16
258,261,21,16
259,260,22,17
261,260,21,16
261,260,21,17
261,260,21,17
263,258,21,17
263,258,21,17
266,257,21,17
267,256,21,17
268,255,21,17
270,255,19,17
271,255,19,17
272,254,19,17
273,253,19,17
274,253,19,17
275,252,19,17
277,251,17,17
279,251,16,17
280,250,15,17
281,250,14,17
281,249,14,17
282,248,14,17
282,247,14,17
283,247,14,17
284,246,14,18
285,246,14,18
287,245,12,19
288,244,12,19
288,243,12,19
289,242,12,19
290,242,12,19
290,241,11,20
290,240,11,20
290,240,11,20
291,240,11,20
291,240,11,21
292,238,12,19
292,238,12,19
293,238,12,19
294,237,12,19
294,235,12,19
294,235,12,19
294,234,12,19
295,234,12,19
295,233,12,19
296,232,12,19
296,232,12,19
296,230,12,19
296,230,12,19
297,229,12,19
297,228,12,19
298,228,12,19
298,228,11,19
298,228,11,19
299,227,11,19
299,226,11,19
299,226,11,19
299,225,12,20
300,226,11,19
300,226,11,19
301,226,11,19
301,225,11,20
301,224,11,20
304,225,11,19
304,225,11,19
305,225,11,19
306,224,11,19
306,224,11,19
307,225,11,19
307,224,11,19
307,224,11,19
309,224,11,19
309,224,11,19
309,223,13,19
310,223,13,19
311,223,13,19
312,224,14,17
312,224,14,17
313,224,14,17
314,225,14,17
314,224,14,17
315,224,14,17
316,225,16,16
317,225,16,16
318,226,16,16
319,226,16,16
320,227,16,16
321,228,16,16
323,228,16,15
324,228,16,15
327,230,15,14
328,229,16,15
328,229,16,15
327,229,18,16
328,230,18,16
329,230,18,16
330,231,18,16
331,233,18,16
333,233,16,15
334,234,16,15
335,235,16,15
335,235,16,15
336,236,16,15
339,235,16,15
340,236,16,15
341,236,16,15
341,236,17,16
342,236,17,16
343,237,17,16
344,238,17,16
346,238,17,16
347,238,17,16
349,238,17,16
350,239,17,16
351,240,17,14
352,240,17,14
353,240,17,14
355,240,17,14
356,240,17,14
357,240,17,14
358,240,17,14
359,240,17,14
360,240,17,14
361,240,17,14
362,240,17,14
364,239,17,14
366,240,18,14
367,240,18,14
368,239,18,14
370,239,18,14
373,239,18,14
375,239,18,14
376,239,18,14
378,238,18,14
380,239,18,14
380,238,18,14
382,238,18,14
384,237,18,14
386,237,18,14
387,236,18,14
388,236,18,14
390,236,18,14
392,236,18,14
394,236,18,14
396,236,18,14
398,236,18,14
400,236,18,14
401,236,18,14
403,236,18,14
406,236,18,14
407,236,18,13
409,236,18,13
410,236,18,13
411,236,18,13
413,235,18,13
416,236,16,13
417,236,16,13
418,236,16,13
419,236,16,13
420,236,16,13
421,236,16,13
422,236,16,13
423,236,16,13
424,236,16,13
424,235,16,13
425,235,16,13
426,236,16,13
427,236,16,13
428,236,16,13
430,235,16,13
431,235,16,13
431,235,16,13
432,235,16,13
432,234,16,13
433,234,16,13
434,235,16,13
434,235,16,13
434,235,16,13
434,234,16,13
434,233,16,15
435,232,16,15
435,232,16,15
435,232,16,15
435,232,16,15
436,232,14,15
437,232,14,15
437,232,14,15
437,232,14,15
438,231,14,15
438,231,14,15
438,231,14,15
439,231,14,16
439,230,14,16
439,230,14,16
440,230,14,16
440,230,14,16
440,230,14,16
440,230,14,16
441,230,14,16
440,229,14,16
440,229,14,16
441,230,14,16
441,230,14,16
441,229,14,16
441,230,14,16
441,229,14,16
440,229,14,16
441,230,14,16
441,229,14,16
440,229,14,16
440,230,14,16
440,229,14,16
441,230,14,16
442,229,13,16
442,229,13,16
442,229,13,16
442,229,13,16
442,230,13,16
443,229,13,16
443,229,13,16
443,228,13,16
443,228,13,16
444,229,13,16
444,229,13,16
444,229,13,16
444,228,13,16
444,229,13,16
444,229,13,16
444,229,13,16
445,229,13,16
444,228,13,16
443,228,13,16
441,228,13,16
439,227,13,16
436,226,13,16
434,227,13,16
431,226,13,16
428,225,13,16
424,225,13,16
421,224,13,16
418,224,13,16
415,223,13,16
412,223,13,16
409,222,13,16
405,222,13,16
401,220,13,16
398,220,13,16
393,220,13,15
390,219,13,16
385,218,13,16
380,218,13,16
376,217,13,16
371,217,13,16
365,216,13,16
361,216,13,16
357,215,13,16
354,215,13,16
352,215,13,16
349,215,13,16
346,215,13,16
344,214,13,16
341,214,13,16
340,214,13,16
339,213,13,16
337,213,13,16
336,212,13,16
334,213,13,16
333,213,13,16
332,213,13,16
331,212,13,16
333,212,13,15
333,212,13,15
334,212,13,15
335,211,13,15
335,211,13,15
336,212,14,14
336,212,14,14
336,212,14,14
335,212,14,14
335,211,14,14
335,212,14,14
336,211,15,14
336,211,15,14
336,211,15,14
336,211,15,14
337,211,15,14
339,210,15,14
341,210,15,14
342,210,15,14
343,210,15,14
343,210,15,14
342,209,17,14
342,209,17,14
343,209,17,13
343,209,17,13
343,208,17,13
344,208,17,13
344,208,17,13
343,207,18,14
343,207,18,13
345,207,17,13
345,207,17,13
345,207,17,13
346,207,17,13
346,207,17,13
346,207,17,13
347,206,17,13
347,206,17,13
348,206,17,13
349,207,17,12
349,207,17,12
350,207,17,12
351,208,17,12
352,208,17,12
352,208,17,12
353,209,17,12
354,208,17,12
354,209,17,12
355,209,17,12
355,209,17,12
355,209,17,12
356,209,17,12
357,210,17,12
357,210,17,12
358,211,17,12
358,211,17,12
359,212,17,12
360,212,16,12
360,212,16,12
361,212,16,12
362,214,16,12
362,214,16,12
363,215,16,12
363,215,16,12
364,216,16,12
364,217,16,12
366,216,16,12
366,216,15,14
367,216,15,14
367,217,15,14
368,218,15,14
370,218,13,15
371,219,13,15
371,219,13,15
371,219,13,15
372,220,13,15
372,221,13,15
373,222,13,15
374,223,13,15
374,223,13,16
376,224,11,15
376,225,11,15
377,225,11,15
377,226,11,15
377,227,11,15
378,227,11,15
378,228,11,15
379,230,11,15
379,230,11,15
380,231,10,15
380,232,10,15
381,233,10,15
381,234,10,15
382,236,10,15
382,236,10,15
383,235,10,17
383,236,10,17
384,237,10,17
384,237,10,17
385,239,10,17
385,240,10,17
385,240,10,17
386,242,10,17
386,243,10,17
387,244,10,17
387,246,12,17
387,247,12,17
389,249,12,17
388,248,13,17
389,249,13,17
389,251,13,17
390,252,13,17
390,252,16,17
391,254,15,17
392,256,16,16
393,258,16,16
394,259,16,16
394,260,16,16
395,262,16,16
395,262,18,18
396,263,18,18
397,265,18,18
398,267,18,18
399,268,18,18
399,269,19,18
400,272,20,17
401,274,20,17
402,275,20,17
402,277,22,17
403,278,23,16
405,281,23,16
406,283,23,16
407,285,23,16
408,287,23,16
410,288,23,16
412,290,23,16
413,291,23,16
414,293,23,16
415,295,23,16
417,298,23,16
419,300,23,16
422,302,23,16
424,305,23,16
426,308,23,16
427,310,24,16
428,312,24,16
432,315,23,16
434,318,23,16
435,320,23,16
436,322,23,16
438,324,23,16
440,325,23,16
441,327,23,16
443,328,23,16
445,331,23,16
446,332,23,16
447,334,24,16
