53,162,120,189
55,162,120,188
57,161,119,188
60,162,119,187
62,162,118,186
63,162,118,185
67,163,116,183
68,162,116,182
70,162,115,181
75,163,114,180
77,163,113,179
79,163,113,178
81,164,112,177
80,161,114,179
84,162,113,178
84,162,112,177
88,164,110,176
89,164,110,176
91,165,109,175
93,165,110,175
95,165,109,175
97,165,109,175
99,167,109,171
100,167,109,171
102,167,108,170
104,166,108,169
105,165,107,168
108,166,107,167
110,166,106,166
112,165,106,166
113,164,106,166
115,164,106,166
116,165,105,165
117,164,105,165
120,166,104,163
121,165,104,163
123,163,102,163
124,162,102,163
124,160,103,165
125,158,104,167
127,158,104,167
127,158,104,167
133,160,102,164
134,161,102,164
136,161,100,161
137,159,101,162
139,159,101,162
140,159,100,161
141,158,98,161
141,159,98,161
142,160,98,161
142,161,98,160
143,162,97,160
143,161,97,160
144,161,97,159
146,162,97,160
145,162,98,160
145,162,98,160
146,163,98,160
146,163,98,160
146,163,98,159
147,163,98,159
147,163,98,160
149,163,98,159
148,163,97,159
149,163,97,159
151,164,97,158
152,164,97,158
151,163,97,158
153,164,97,158
154,164,96,157
154,164,96,157
154,163,96,157
154,162,96,157
156,162,95,157
157,162,95,156
156,162,95,157
158,163,95,157
157,163,95,157
157,163,95,158
158,164,95,157
159,165,95,157
159,165,96,158
160,166,95,157
159,165,95,158
159,164,95,158
160,163,95,157
160,163,95,158
160,162,96,158
162,164,95,157
162,164,95,157
163,164,94,156
163,163,94,156
163,163,94,156
164,163,94,155
164,162,93,154
165,162,93,153
165,161,92,153
164,159,93,153
165,160,92,152
165,160,92,152
165,158,92,152
165,158,92,152
165,158,92,152
165,158,92,152
165,159,92,152
164,157,93,153
163,157,94,155
164,159,93,153
164,160,92,153
163,159,93,153
162,159,92,152
162,160,92,152
163,160,92,151
162,159,92,151
162,160,91,151
162,160,91,150
160,159,91,151
160,158,91,151
161,159,91,151
160,160,91,151
160,161,91,150
159,161,91,150
158,161,91,151
157,161,91,150
157,161,91,150
156,161,91,151
156,161,91,150
155,162,91,150
156,162,90,149
154,162,91,150
154,163,91,150
156,164,91,150
155,164,91,150
156,164,90,149
157,164,90,149
157,164,90,148
157,164,90,148
157,163,90,148
158,163,90,148
159,164,90,149
158,164,90,148
160,165,90,148
160,164,89,147
162,164,89,147
162,162,89,147
163,162,88,146
165,162,88,146
166,163,88,146
166,162,88,145
168,163,88,145
169,164,87,144
168,163,88,145
170,164,87,144
170,163,87,144
171,163,87,144
173,164,86,143
173,164,87,143
174,164,87,143
177,165,86,143
177,165,86,143
178,165,86,143
179,165,86,143
179,165,86,143
180,165,86,143
180,166,86,143
181,166,86,143
182,167,85,142
183,167,86,142
182,166,86,143
184,167,86,142
184,167,85,142
186,168,85,142
186,168,85,141
186,167,85,141
188,168,84,140
187,167,84,140
189,168,84,140
188,167,84,140
188,167,84,140
189,168,84,139
191,169,83,138
191,168,83,139
191,167,83,139
191,167,83,139
191,167,83,138
192,167,83,138
193,169,82,137
194,170,82,136
193,169,83,138
192,169,83,139
192,169,84,140
194,172,82,137
195,173,82,136
196,173,81,134
195,173,80,132
196,173,79,131
196,173,80,132
196,173,80,133
195,173,80,133
196,172,80,133
196,172,80,133
196,172,80,132
197,173,78,131
196,173,78,131
196,173,78,131
195,171,79,133
197,172,79,132
197,173,78,132
197,172,79,132
198,173,78,131
198,172,78,131
198,172,78,131
199,173,78,130
199,174,77,130
199,173,78,131
198,173,79,133
198,173,79,132
199,174,79,132
200,174,77,130
200,174,78,131
200,175,78,131
201,174,77,130
202,175,77,130
202,175,77,129
202,174,77,130
201,174,78,131
202,174,78,131
206,174,74,127
206,174,74,127
206,173,73,126
207,173,74,126
207,173,74,126
207,173,74,126
208,172,73,125
209,173,72,124
210,173,72,123
211,174,71,122
212,174,71,122
212,173,71,123
213,174,72,123
213,174,72,123
214,174,72,123
214,174,72,123
214,174,73,124
215,175,72,123
216,175,72,122
217,175,71,122
217,174,71,122
218,173,71,122
218,173,72,123
218,171,73,125
219,172,72,123
221,173,71,122
222,174,71,121
222,173,71,121
223,173,71,121
223,172,71,121
224,171,71,121
224,171,70,120
225,170,70,120
226,170,70,120
227,170,70,119
227,170,70,119
227,171,71,120
227,172,70,120
227,172,70,120
228,173,71,121
230,175,70,120
230,175,71,121
231,176,71,121
232,177,71,121
233,177,70,120
234,177,70,120
236,176,70,120
237,175,70,120
237,174,70,119
240,174,69,119
240,174,70,119
241,173,69,119
243,174,69,119
244,175,70,119
245,176,70,119
246,177,70,119
247,179,69,119
248,180,70,119
249,180,69,119
251,180,69,118
251,179,69,118
252,178,69,117
254,178,68,117
255,178,68,117
255,177,69,117
256,178,69,117
256,178,68,117
256,178,68,117
258,178,68,117
258,177,68,117
259,177,68,117
259,176,68,117
260,176,68,117
261,176,69,117
262,176,68,116
262,177,68,117
263,177,68,117
264,176,68,117
264,176,68,117
266,176,68,116
266,177,68,116
266,176,68,116
266,175,68,117
267,175,68,117
268,175,68,117
270,175,66,117
271,175,66,116
270,174,65,116
271,175,66,117
272,174,66,117
272,175,65,116
273,175,65,116
273,175,65,116
273,175,66,117
275,175,66,117
275,175,66,117
276,176,65,116
276,176,65,116
277,177,66,116
277,178,66,117
277,180,66,117
277,180,66,118
277,180,66,117
278,181,66,117
278,180,66,117
279,180,66,117
280,180,66,117
281,180,66,118
281,179,66,117
281,179,66,117
282,179,66,117
283,180,66,117
282,179,66,117
282,179,66,117
283,179,66,117
283,179,66,117
283,178,66,116
283,178,65,116
283,177,65,116
284,176,66,117
284,176,66,117
284,175,66,116
284,175,66,116
284,174,66,116
285,174,65,116
285,174,66,117
286,175,65,116
286,175,65,116
286,175,65,116
286,175,66,117
286,175,65,116
286,174,65,116
287,174,65,116
286,173,65,116
286,173,66,117
287,174,66,117
287,174,66,116
287,174,66,117
288,175,66,117
289,174,66,120
290,175,66,119
290,176,66,120
290,177,65,118
290,177,65,119
291,177,65,119
291,177,66,120
292,176,66,120
292,175,67,121
293,176,65,118
294,175,66,120
294,175,65,118
294,176,65,119
295,175,66,120
295,175,66,120
296,176,66,119
296,176,66,119
296,176,65,119
297,175,66,120
297,175,66,119
298,175,66,119
298,174,65,119
299,173,66,119
300,173,66,120
300,174,66,119
300,174,65,119
302,174,66,119
302,173,66,119
303,173,66,119
303,173,66,119
303,173,66,118
304,172,66,119
304,172,66,119
303,172,66,120
303,171,67,120
304,172,66,119
304,173,66,118
304,173,66,118
304,174,65,118
304,174,65,118
304,173,65,117
304,174,65,118
304,173,66,118
304,174,65,118
304,174,65,117
303,174,65,117
303,174,65,117
302,173,65,118
302,173,65,117
302,173,65,117
301,173,64,116
300,173,65,116
299,172,65,118
299,172,65,117
298,171,66,119
297,171,65,117
296,170,65,118
295,170,65,116
294,169,64,116
293,168,65,117
292,166,65,117
291,165,65,117
291,166,65,116
290,166,65,117
289,166,65,117
287,166,65,116
286,166,65,116
285,166,65,117
283,166,65,117
282,166,62,117
280,166,62,116
277,167,62,116
271,166,62,116
268,165,62,116
269,166,61,115
270,166,61,115
268,166,61,115
267,166,61,115
267,166,61,115
267,165,61,116
267,166,61,115
265,166,61,115
264,165,61,115
263,165,61,115
261,165,61,114
261,165,60,113
260,164,60,113
259,163,60,114
259,163,60,113
258,163,60,113
258,162,60,114
257,162,60,114
256,162,60,114
255,161,60,114
254,161,61,114
254,162,60,114
252,162,60,114
252,163,60,114
250,163,60,114
248,163,60,114
248,163,60,114
248,162,60,114
250,162,60,114
250,161,60,113
250,161,60,114
250,161,60,114
249,163,60,113
246,163,60,113
246,162,60,113
248,163,60,113
247,164,60,113
246,164,60,113
244,164,60,112
243,163,59,112
242,161,59,112
244,160,60,113
244,159,60,112
243,159,59,112
240,159,60,113
240,159,59,111
239,158,59,112
241,159,59,111
240,159,59,111
241,158,59,111
241,159,59,111
241,158,59,111
242,158,59,111
241,157,59,111
243,158,59,111
242,158,59,111
240,159,59,111
238,160,59,111
236,161,59,110
234,162,59,110
234,162,59,110
233,164,59,111
228,164,59,111
226,166,59,110
225,168,58,110
222,168,59,110
222,169,59,110
220,170,59,110
219,171,58,110
218,172,58,110
220,173,58,110
219,173,58,109
218,172,58,109
220,173,58,109
218,173,58,109
217,172,58,109
218,171,58,109
218,171,58,109
219,171,58,109
219,171,58,109
219,169,58,109
218,169,58,109
218,169,58,109
219,169,58,109
217,168,58,109
217,168,58,108
218,168,57,108
217,167,57,108
217,167,57,108
217,167,57,108
216,166,57,108
217,167,57,108
216,165,57,108
215,165,57,108
212,166,57,108
209,165,57,107
208,165,57,108
209,167,57,108
211,168,57,108
211,168,58,108
211,169,58,109
212,169,58,109
211,169,58,109
213,169,58,109
213,169,58,108
211,169,58,108
212,169,57,108
215,170,57,108
213,170,57,107
212,171,57,108
213,171,57,108
211,172,58,108
213,173,58,109
214,173,58,108
214,175,57,108
214,175,57,107
214,176,57,106
214,176,57,107
214,176,56,106
214,175,56,106
214,175,56,106
216,176,56,106
216,176,56,106
214,176,56,106
213,177,56,106
213,178,56,106
212,178,56,105
213,178,56,105
215,178,56,106
216,179,56,105
217,179,56,105
220,179,56,106
215,179,56,105
219,178,56,106
223,178,56,105
222,177,56,105
224,178,56,106
229,178,56,106
231,178,56,105
230,178,56,105
232,178,56,105
234,178,56,106
233,177,56,105
234,177,56,105
234,177,56,105
236,176,56,105
235,175,56,105
237,175,56,105
237,174,56,105
241,173,56,105
242,170,56,105
242,171,56,105
243,171,55,104
241,171,55,104
241,171,55,103
242,171,55,103
242,171,55,103
241,171,55,103
239,171,55,103
238,170,55,103
240,170,55,103
243,169,55,104
243,169,55,103
244,168,55,103
245,168,55,103
245,168,54,102
247,168,54,102
249,168,54,102
248,168,54,102
248,168,54,102
248,169,54,102
248,169,55,103
248,169,54,102
247,170,54,101
246,169,54,102
244,169,54,101
244,169,55,103
244,170,55,103
245,170,54,102
245,171,54,102
244,172,54,101
243,173,54,102
244,174,54,102
247,174,54,102
246,175,53,101
248,175,54,101
249,175,53,101
250,173,54,102
252,172,54,101
250,170,54,102
250,169,53,100
248,168,54,101
249,167,54,101
251,167,53,101
249,168,53,101
248,169,53,101
251,169,54,101
250,169,54,101
251,169,54,102
254,169,54,101
253,169,53,100
252,170,53,100
252,170,53,99
251,170,53,99
249,170,53,100
248,171,53,100
247,171,53,99
248,170,54,101
247,170,54,102
246,170,53,100
247,170,54,101
249,171,53,100
247,171,53,100
247,172,53,100
248,172,53,100
250,173,53,100
249,173,53,100
250,173,54,101
252,174,53,100
252,174,54,101
250,174,53,100
251,176,53,101
251,176,53,100
250,176,53,99
252,177,53,99
252,177,52,99
252,178,52,99
251,178,52,98
252,178,52,98
250,178,52,97
250,177,52,99
250,177,53,99
251,177,52,98
251,177,52,98
251,178,51,97
251,177,52,98
251,177,52,97
252,176,52,98
253,176,52,98
252,175,52,98
251,175,52,98
248,175,52,98
247,176,51,97
248,175,51,97
248,175,52,97
248,175,52,97
249,175,52,97
250,174,51,97
249,174,51,97
250,174,51,97
250,174,51,97
251,174,51,97
252,174,51,97
252,174,51,96
251,175,51,96
250,174,51,95
248,175,50,95
249,175,50,95
250,175,50,94
249,176,50,93
249,175,50,95
248,175,51,95
248,175,50,95
248,176,50,94
249,176,50,95
249,176,50,95
249,177,50,94
250,176,50,94
251,176,50,95
251,176,50,95
252,176,50,94
253,177,50,94
253,177,50,94
253,177,50,95
254,177,50,94
255,176,50,94
256,176,50,94
256,175,50,94
255,174,50,93
256,174,50,94
256,173,50,93
256,173,49,93
256,172,50,93
258,172,50,93
257,173,50,94
256,173,50,93
257,174,50,94
258,175,50,94
258,175,50,94
259,176,50,93
262,176,50,94
263,177,50,93
265,176,50,93
267,176,49,93
267,175,49,93
269,174,49,93
269,173,49,92
268,174,49,92
266,174,49,92
266,175,48,91
265,176,49,92
265,177,49,92
263,178,49,92
264,179,49,93
266,180,49,93
265,181,49,92
265,181,49,91
265,181,48,91
265,181,49,92
266,180,48,91
265,179,48,91
263,178,48,91
262,177,48,91
264,177,48,90
264,177,48,90
263,177,48,90
264,177,48,91
264,177,48,90
264,177,48,90
265,177,48,90
266,176,48,90
268,175,48,91
270,173,48,90
269,172,48,90
271,171,48,90
272,170,48,90
275,169,48,90
276,168,48,90
275,169,47,89
271,171,48,90
271,171,48,90
271,171,47,89
272,170,47,89
272,171,47,89
273,172,47,89
272,172,47,89
275,172,47,89
276,172,47,89
276,172,47,88
277,173,46,87
278,173,46,88
279,173,46,88
279,174,46,88
278,174,46,87
278,174,46,88
279,175,46,87
279,175,46,87
279,175,46,87
280,175,46,87
280,175,46,88
280,175,46,87
280,175,46,87
280,175,46,87
279,176,46,87
278,175,46,88
279,175,46,87
280,175,46,87
281,176,45,86
282,175,45,86
281,175,46,86
281,174,45,85
282,174,46,87
283,174,46,87
283,173,46,86
283,173,45,86
283,173,45,86
282,174,45,86
283,173,45,86
283,174,45,86
282,173,45,86
282,172,45,86
283,171,45,85
285,171,45,85
283,171,45,85
281,170,45,85
282,171,45,86
283,172,45,85
283,172,45,85
284,173,44,84
287,173,44,84
290,173,45,84
290,173,44,83
291,172,44,84
293,172,44,83
296,172,44,83
296,172,44,83
296,172,44,83
297,171,44,83
297,171,44,83
297,171,44,83
299,172,44,84
298,171,44,84
300,172,44,83
301,172,45,84
301,172,44,83
301,172,44,83
304,171,44,84
305,170,44,83
307,170,44,83
307,172,43,82
305,174,43,82
305,176,44,83
306,178,44,83
308,179,43,82
308,177,44,83
309,177,44,83
309,177,44,83
307,178,44,83
306,178,44,84
306,178,44,84
307,180,44,83
308,180,43,82
308,181,43,82
308,180,44,83
308,179,43,82
309,178,43,82
312,178,43,83
313,178,43,83
314,178,43,82
317,179,43,82
319,177,43,83
320,177,43,81
322,177,42,81
322,177,42,80
325,177,42,80
327,175,42,80
330,175,42,80
334,173,43,81
332,173,42,81
331,173,43,82
328,176,43,82
325,175,42,81
325,175,42,80
325,175,42,80
326,174,43,81
332,173,43,82
337,173,43,81
339,173,43,81
342,174,42,81
342,173,43,82
339,174,43,82
335,174,43,82
333,175,42,81
333,175,42,81
332,175,42,81
332,176,42,80
332,176,41,80
333,177,41,80
333,179,42,80
332,180,41,80
329,181,41,79
328,182,41,79
328,183,40,77
329,183,40,77
329,181,40,78
329,180,40,78
328,178,41,79
328,177,41,79
330,177,41,79
330,177,41,80
328,175,42,80
328,176,41,79
328,176,42,80
327,177,41,79
325,178,41,80
325,177,41,79
328,177,41,80
330,177,41,80
331,176,41,79
333,176,41,80
333,177,41,79
334,177,41,80
334,177,41,80
336,177,41,80
336,177,41,79
338,177,41,79
339,177,41,78
340,177,41,79
340,177,41,79
341,176,41,78
341,177,41,78
340,177,41,79
341,177,41,79
341,177,41,78
342,177,41,79
343,176,41,79
345,176,41,79
345,175,41,79
349,174,41,79
352,174,41,79
356,174,41,79
358,175,41,79
360,175,41,80
367,176,41,79
372,175,41,80
376,175,41,80
380,172,41,79
385,172,41,79
385,172,41,79
383,170,40,78
382,171,40,77
379,172,40,77
381,172,40,77
386,170,40,78
398,171,41,78
413,172,41,78
418,171,41,79
422,172,41,79
422,174,40,78
419,175,40,77
414,176,40,77
408,177,41,78
402,178,40,77
396,178,41,78
391,179,40,77
390,179,40,77
387,179,40,76
386,180,40,77
384,181,40,77
379,181,40,78
377,181,41,79
378,181,41,79
379,181,41,79
379,180,41,78
379,182,40,77
376,181,40,77
376,181,40,77
377,181,40,77
376,180,40,77
376,179,40,77
375,179,40,77
375,180,40,77
375,180,40,77
376,180,40,77
377,181,40,76
378,181,39,76
376,181,39,76
376,181,39,76
376,182,39,76
374,182,39,76
375,182,40,76
373,181,40,76
374,181,40,76
374,182,40,77
373,183,40,77
371,183,40,76
370,183,39,76
368,183,40,76
367,183,40,77
367,183,40,76
368,185,40,76
367,185,39,76
365,185,39,76
366,185,40,76
366,186,40,77
364,185,40,77
365,184,40,77
365,184,40,77
364,183,40,77
364,183,40,76
365,182,40,77
363,182,40,77
363,181,40,77
363,180,40,77
363,180,40,77
361,179,40,77
360,179,40,76
360,180,40,77
360,179,40,77
358,179,40,76
359,180,40,77
358,180,40,78
356,180,40,78
356,181,40,77
357,180,40,77
358,181,40,77
358,181,40,77
358,181,40,77
358,181,40,77
357,181,40,77
356,181,40,77
354,180,40,77
355,180,40,77
355,180,40,77
353,180,40,77
353,180,40,77
354,179,40,77
353,180,40,78
353,179,40,78
354,179,40,77
354,178,40,77
350,177,40,78
349,176,40,78
349,176,40,78
349,175,40,78
345,176,40,78
339,174,41,78
335,173,41,78
329,172,41,79
328,171,40,78
329,170,40,78
325,169,40,78
322,168,41,78
323,168,41,78
321,167,41,78
319,165,41,78
320,165,41,78
321,165,41,78
318,166,40,78
317,165,40,78
315,165,40,78
310,164,41,78
310,163,41,78
309,161,41,79
306,160,40,78
305,159,40,78
299,158,41,79
294,157,41,78
295,156,41,78
291,156,41,78
288,156,40,78
284,157,41,78
277,156,41,79
273,156,40,78
269,157,40,78
263,158,41,78
256,158,40,78
252,158,40,78
248,157,41,79
243,156,41,78
240,157,41,79
233,156,41,79
230,155,41,78
228,155,41,79
230,159,41,79
224,162,41,79
223,164,41,79
220,165,41,79
221,167,41,79
219,169,41,79
219,169,42,80
220,169,42,80
220,169,42,80
218,169,41,80
216,169,41,80
218,168,41,80
219,168,41,79
215,169,41,79
214,169,42,80
213,169,42,80
214,169,42,80
214,169,42,80
212,170,41,80
211,169,41,80
211,169,41,79
213,169,41,79
212,169,41,80
211,168,41,79
210,167,41,78
215,168,41,78
214,167,41,78
213,167,41,79
212,167,41,78
212,167,41,79
211,168,41,79
210,169,41,79
209,168,41,80
211,167,41,79
212,167,41,79
209,167,41,79
210,167,41,78
212,167,40,78
214,165,41,78
216,165,40,78
215,165,40,77
215,164,40,78
215,164,40,78
215,163,40,77
214,163,40,78
211,163,41,78
208,164,40,78
206,163,40,78
205,162,40,77
207,163,40,78
205,162,41,78
210,164,40,77
214,165,40,78
209,166,41,78
210,167,41,79
207,167,41,80
207,167,42,80
203,167,41,80
204,166,41,79
205,165,41,79
207,166,41,79
205,167,41,79
201,166,40,78
200,166,41,78
202,166,41,78
200,167,41,78
195,167,41,79
193,167,41,79
191,167,41,79
188,167,41,79
188,166,41,79
188,165,41,79
187,165,41,78
185,164,41,78
184,163,40,78
189,162,40,77
198,162,40,77
205,162,40,77
206,162,40,77
206,163,40,76
204,162,40,77
203,161,40,77
203,161,40,77
200,161,40,77
197,161,40,77
197,161,40,76
197,159,40,77
198,159,40,76
197,159,39,76
198,159,39,76
200,157,39,75
202,157,39,76
201,156,39,76
201,155,39,76
206,155,39,75
207,154,39,76
210,155,39,76
212,154,40,76
214,153,40,77
214,152,40,77
214,152,40,77
213,152,40,77
215,151,40,77
214,150,40,76
209,151,40,76
206,152,39,76
204,150,39,76
206,151,39,76
205,151,39,76
207,153,39,76
206,154,39,76
207,155,39,76
210,157,40,76
213,159,40,77
213,160,40,76
213,161,40,76
210,162,39,76
209,162,39,76
208,161,39,75
207,161,39,75
205,160,39,75
205,160,39,75
203,159,39,75
202,159,39,75
203,160,39,75
203,158,39,75
202,158,39,75
202,159,39,75
206,159,39,75
213,160,39,74
215,159,39,74
213,159,38,74
213,157,38,74
215,157,39,75
217,156,39,75
216,156,39,75
212,157,39,75
210,157,39,75
212,157,39,74
215,158,39,75
217,158,39,75
216,159,39,75
216,159,39,75
216,160,39,75
214,160,39,75
215,160,39,75
217,159,39,75
216,157,39,74
219,157,39,74
219,156,38,74
219,156,38,74
218,157,38,74
221,157,38,74
223,158,38,74
223,158,38,74
226,159,41,73
225,159,42,74
225,160,42,74
225,159,42,73
224,159,42,73
222,158,42,73
223,158,42,73
224,157,42,74
225,156,42,74
229,156,41,72
228,156,41,72
226,156,41,72
226,156,40,71
228,156,41,72
231,156,41,72
229,156,41,72
228,157,41,72
229,158,40,71
230,157,41,72
234,157,40,71
236,158,40,70
236,157,40,70
235,157,40,70
234,156,40,70
241,156,39,69
244,156,39,69
241,157,39,69
236,157,40,70
236,158,40,70
237,158,40,70
240,157,40,70
242,158,40,70
242,159,40,70
241,160,40,70
242,160,39,69
243,160,40,70
245,160,39,69
245,160,39,69
244,160,39,69
241,159,40,70
242,160,40,70
240,160,40,69
241,160,40,69
238,160,40,70
235,160,40,70
235,160,40,70
236,160,40,70
235,160,40,70
232,160,40,70
231,160,40,70
229,159,39,69
230,159,39,69
231,159,39,69
231,159,39,68
230,159,39,68
230,159,39,69
231,160,39,69
233,162,39,68
232,162,39,69
233,162,39,69
231,162,40,69
232,163,40,70
234,162,40,70
234,164,40,70
233,164,40,70
233,165,40,70
232,166,40,70
234,167,40,70
237,167,40,70
237,167,40,70
235,166,40,71
235,166,40,70
236,165,40,69
240,165,40,69
242,165,40,69
239,165,40,70
238,167,40,70
234,168,40,70
236,169,40,70
234,170,40,70
234,172,39,69
231,172,39,68
230,171,39,68
232,168,39,69
235,164,39,69
241,163,39,69
245,164,39,68
245,164,39,69
242,165,39,69
238,166,39,69
237,165,39,69
236,165,40,69
235,165,40,70
235,165,39,69
230,164,39,69
226,162,39,69
225,160,39,69
225,159,39,69
225,156,39,69
226,156,39,69
223,156,39,69
222,156,40,69
220,156,40,70
219,157,40,70
220,158,40,70
221,159,40,71
223,159,40,71
222,160,41,71
219,160,41,71
220,159,40,71
224,157,40,70
226,157,40,70
227,157,40,70
227,156,40,70
227,156,39,69
226,155,39,69
229,154,39,69
230,155,40,70
226,155,40,70
225,156,40,70
224,156,40,70
223,157,40,71
222,158,41,71
222,159,41,72
224,158,41,72
224,159,41,72
224,159,41,72
224,159,41,72
224,159,41,72
228,159,41,72
228,159,41,72
228,160,41,72
228,159,41,72
226,159,41,72
227,158,41,72
228,158,41,72
226,157,41,72
223,155,45,75
221,155,47,76
217,154,47,76
214,154,47,75
212,154,47,75
212,154,47,75
212,153,47,76
211,154,47,75
211,155,47,76
206,156,47,76
205,156,47,77
206,158,47,76
207,158,47,76
209,159,47,77
209,161,47,77
205,161,48,78
201,162,48,78
204,162,48,78
206,162,49,78
204,161,49,79
205,161,49,80
203,161,49,80
202,160,49,80
201,160,49,80
200,160,49,80
200,160,49,80
200,160,50,80
200,160,50,81
199,160,50,80
198,160,50,80
198,159,51,82
198,159,50,81
199,159,50,80
200,159,50,80
201,159,50,81
199,159,51,82
199,159,51,82
200,158,51,83
202,157,52,84
204,157,52,83
203,156,52,84
203,155,52,84
203,155,52,84
204,155,52,84
203,153,52,85
205,153,52,84
207,153,52,85
207,153,53,85
204,153,53,86
200,152,53,86
199,152,53,86
199,152,53,86
196,152,54,87
192,152,53,86
188,151,53,85
188,151,53,86
187,150,54,87
184,150,53,86
183,150,54,87
181,149,55,89
180,149,55,89
178,149,55,89
174,149,55,89
173,149,55,89
171,148,55,89
170,148,55,89
168,148,55,89
168,147,55,90
167,145,57,92
165,144,57,92
163,144,57,92
159,142,58,94
160,142,58,94
155,142,59,95
153,142,58,94
150,143,58,93
148,143,58,94
147,143,58,94
146,144,59,95
141,144,59,96
137,145,60,96
134,145,60,97
135,145,59,96
136,145,59,96
133,145,59,96
132,143,60,97
133,144,60,97
132,143,60,97
127,142,60,97
121,141,61,98
116,141,62,99
112,141,62,100
106,141,63,101
