970,367,60,146
971,367,61,147
971,367,60,147
972,367,61,148
972,369,60,146
972,374,59,143
972,375,58,142
973,377,57,139
972,376,58,140
973,376,58,142
973,376,58,141
973,378,57,139
974,378,57,139
975,381,57,137
975,383,56,135
976,384,55,133
976,385,55,132
978,387,54,130
980,389,53,129
981,391,53,128
982,393,52,127
983,394,52,125
984,395,52,125
985,396,52,126
986,396,52,126
986,397,51,119
982,397,56,121
985,398,53,120
983,399,55,121
983,400,55,120
983,402,55,120
983,404,54,117
983,404,54,118
983,405,54,118
983,405,54,119
982,406,54,119
982,408,54,118
974,408,61,123
974,410,61,123
974,410,62,124
973,410,62,124
972,411,62,125
971,412,62,125
971,413,61,124
971,415,61,127
970,416,61,126
968,417,61,127
967,417,62,130
966,418,62,129
965,418,62,130
965,419,62,129
965,420,61,126
965,420,61,126
963,419,60,126
962,422,60,126
962,421,60,125
962,423,59,124
963,423,58,121
958,423,65,130
958,427,64,129
958,431,64,128
958,430,65,135
958,431,65,135
958,432,65,135
959,433,65,135
958,433,65,135
959,435,64,134
959,437,64,132
959,438,63,131
960,438,64,133
960,439,64,133
962,440,63,132
962,440,64,132
963,442,63,131
964,443,62,129
966,443,62,129
967,442,62,130
968,444,62,128
968,442,62,129
969,443,61,127
969,445,62,128
969,445,62,128
968,446,62,127
969,446,62,128
969,447,62,127
969,447,61,127
960,446,70,128
959,446,71,129
959,447,70,128
959,449,70,128
960,450,70,128
960,449,70,128
957,449,74,128
957,450,74,127
956,450,73,127
956,450,73,126
957,451,73,127
956,450,74,129
955,450,75,130
954,451,75,129
954,452,74,128
953,455,71,124
952,455,71,125
951,455,71,125
950,456,71,124
949,456,72,126
948,455,72,126
947,456,72,126
947,456,72,126
946,456,71,125
946,457,71,124
947,457,66,129
946,458,66,129
945,457,66,128
944,461,66,133
944,461,66,133
943,462,65,131
943,462,64,133
943,462,64,133
942,462,64,133
941,462,64,133
941,462,64,133
939,462,64,133
939,463,64,132
938,464,63,132
938,464,63,132
937,464,63,132
938,465,63,133
938,465,62,132
936,466,62,131
936,466,63,132
935,467,61,129
934,467,61,129
932,468,61,128
932,469,60,127
931,467,61,128
930,467,61,128
928,467,61,128
928,468,61,128
926,468,61,128
925,469,61,127
924,470,60,126
912,470,68,121
911,470,68,121
910,470,67,119
897,471,78,118
895,472,77,116
893,472,77,117
890,471,78,117
891,471,82,118
891,472,81,117
889,470,83,119
887,470,83,119
886,469,82,118
884,470,81,117
880,468,83,119
879,468,83,119
877,468,82,118
875,468,80,120
876,467,71,119
874,467,71,121
873,467,71,126
871,467,71,127
872,467,65,133
871,467,65,133
868,468,65,133
867,468,65,133
866,469,64,132
866,470,64,131
863,470,64,131
862,471,64,131
859,472,64,132
857,473,64,130
855,475,63,129
853,477,64,130
852,479,63,129
850,481,71,129
848,482,71,129
847,483,71,129
845,484,71,128
844,485,71,130
842,487,71,129
839,488,65,129
838,489,65,129
835,489,65,125
834,490,65,125
827,492,65,125
825,494,64,124
822,494,64,123
817,496,66,118
816,488,66,127
812,488,66,128
810,489,66,127
807,489,67,125
804,489,67,125
798,490,70,126
795,490,70,126
792,490,70,127
789,491,70,127
786,491,71,127
783,491,70,126
781,491,72,126
777,491,72,126
775,492,72,126
771,492,72,127
770,492,73,128
768,494,68,134
765,495,68,133
762,496,68,133
759,495,68,142
758,496,68,141
755,495,68,142
754,497,67,141
751,497,68,141
749,498,68,141
746,498,68,142
745,499,68,142
742,500,68,143
739,501,68,142
738,502,68,141
735,504,67,139
735,505,66,138
734,505,66,138
735,508,65,136
734,510,64,134
733,512,63,132
732,511,64,133
732,512,64,133
731,512,64,133
729,513,63,132
728,509,62,135
727,510,62,132
727,512,61,129
727,512,62,128
726,513,61,122
719,513,66,127
718,514,66,127
716,515,66,128
715,515,67,129
714,516,67,130
713,516,66,128
712,517,66,128
710,515,67,128
710,515,67,128
709,515,68,130
707,515,68,130
706,514,68,130
705,516,68,130
703,515,68,130
700,514,68,129
699,514,68,129
697,513,68,128
696,514,67,128
695,515,66,126
692,516,67,127
691,516,67,127
690,516,66,125
688,517,66,125
686,517,66,125
685,518,66,126
685,520,65,124
685,519,66,125
684,520,65,124
682,520,65,124
681,521,65,123
681,521,64,121
679,519,65,123
679,519,65,123
678,518,65,122
679,519,64,123
679,519,64,123
679,518,64,123
679,518,64,123
679,517,64,123
682,517,61,127
681,516,61,127
681,516,61,127
682,517,60,125
682,516,60,125
683,516,60,125
683,516,59,118
683,515,59,118
683,515,59,118
683,515,59,119
683,515,59,118
684,516,58,117
685,517,58,115
686,518,58,115
687,518,58,115
688,518,57,115
689,517,58,115
690,517,58,115
691,517,58,115
692,517,58,115
693,518,57,115
693,517,57,115
694,517,58,115
695,518,57,115
694,518,57,115
695,517,58,115
696,516,58,116
697,515,58,117
697,514,58,116
696,514,59,117
696,513,59,117
697,513,59,117
698,512,59,118
698,511,59,117
698,511,59,117
697,511,59,117
697,511,59,117
696,510,59,117
696,509,59,117
696,509,59,117
694,509,59,117
693,508,59,116
692,507,59,116
692,507,59,116
691,506,59,116
692,507,59,116
691,506,59,116
688,505,59,116
688,505,59,115
688,505,58,114
688,504,58,114
689,504,58,115
688,504,58,115
687,503,58,115
686,503,58,115
685,502,58,115
685,502,58,115
685,502,58,116
685,502,58,116
683,501,58,115
683,501,58,115
684,501,58,115
684,501,58,115
685,501,58,115
684,501,58,115
684,500,58,116
683,499,58,116
683,499,58,116
684,499,58,116
685,500,58,116
684,499,59,116
684,498,58,116
684,498,58,116
684,498,58,116
684,498,58,116
685,498,58,116
685,499,58,116
685,499,58,116
685,500,58,115
686,500,58,115
686,500,58,116
685,500,58,115
684,501,58,115
683,500,59,116
683,500,58,116
684,500,58,116
684,500,58,115
684,499,58,115
686,499,58,115
686,498,58,116
686,497,58,116
686,496,58,115
687,495,58,115
687,494,58,115
687,493,58,115
687,493,58,115
686,492,58,116
685,491,58,115
685,491,58,115
685,491,58,114
685,491,58,114
684,491,58,116
683,491,58,115
683,492,58,115
683,492,58,116
683,492,58,116
683,492,58,116
684,493,58,115
685,494,58,116
685,494,58,116
686,494,59,117
686,494,59,117
687,494,59,116
686,494,59,117
685,494,59,117
685,494,59,117
685,495,59,117
684,495,59,117
683,495,59,116
683,496,59,117
683,496,59,117
681,496,59,113
681,496,59,113
681,497,59,113
681,497,59,113
681,496,59,113
681,497,59,113
681,496,59,112
682,496,59,113
682,496,59,112
683,496,59,112
682,495,58,112
683,495,59,112
684,496,59,112
685,495,58,112
687,495,59,112
687,495,59,112
687,495,58,112
687,495,58,112
687,495,58,112
688,495,58,112
689,496,59,112
689,496,58,112
689,496,58,111
689,496,58,112
689,496,59,112
689,496,58,111
690,497,58,111
690,498,58,111
690,498,58,112
689,498,59,113
689,498,59,112
689,499,59,112
689,499,59,112
689,499,59,112
689,499,59,112
689,500,59,112
689,500,59,112
690,500,59,112
691,501,59,112
690,501,59,112
690,502,59,112
690,503,60,113
690,503,60,114
690,503,60,114
691,504,60,113
690,503,60,114
689,503,60,113
689,503,61,115
689,504,60,114
689,504,60,114
689,504,60,114
689,505,60,114
689,505,60,115
688,505,60,115
689,506,60,114
689,506,60,114
690,506,60,115
689,507,60,114
688,508,60,114
688,508,60,114
689,508,60,114
689,508,60,114
690,508,60,114
690,508,60,114
691,508,60,114
692,508,60,113
693,507,59,113
694,507,59,112
694,507,59,112
694,507,59,112
695,508,60,113
696,508,60,113
696,508,60,114
696,508,60,114
696,508,60,114
696,509,60,114
697,510,60,114
698,510,60,114
699,511,60,114
699,512,60,115
699,512,60,114
699,511,60,115
700,512,61,115
700,512,61,116
700,512,61,116
701,513,61,116
700,512,61,116
700,513,61,115
699,514,61,115
698,514,61,115
696,514,61,115
697,514,61,115
697,515,61,116
696,515,61,116
695,516,61,116
694,516,61,115
693,517,61,116
693,517,61,116
693,516,61,116
692,516,61,116
691,516,61,116
690,515,61,115
689,516,61,116
689,516,60,115
688,516,60,115
688,515,61,115
688,514,61,116
688,513,60,115
688,513,60,115
687,512,61,116
687,512,61,115
687,512,61,116
687,512,61,116
687,512,61,116
687,513,61,115
687,513,61,115
687,514,61,115
687,514,61,116
687,514,61,116
688,514,61,116
689,515,60,114
690,516,60,114
690,516,60,114
692,516,60,115
693,516,60,114
693,516,60,115
694,516,60,113
694,515,60,113
694,515,60,114
695,514,60,114
694,514,60,114
694,514,60,114
693,513,60,114
693,512,60,114
694,511,60,114
695,510,60,114
696,509,60,114
695,508,60,113
695,508,60,114
695,507,59,112
696,506,58,111
698,505,58,110
699,505,58,109
699,505,58,110
699,505,58,110
699,505,58,111
699,505,58,111
699,505,58,110
701,506,58,111
703,506,58,110
703,506,58,110
703,507,58,110
703,507,58,110
703,508,58,110
703,507,59,111
703,507,59,111
702,506,59,112
703,506,59,112
702,506,59,111
702,506,58,111
702,506,58,111
702,505,58,110
702,505,57,108
701,504,57,108
702,503,57,108
702,502,57,108
702,501,57,108
703,500,57,108
703,499,57,108
702,498,57,108
702,496,57,109
702,496,57,108
701,495,58,110
701,493,59,111
700,492,59,112
700,491,59,111
699,491,59,112
697,491,59,112
696,490,59,111
697,489,62,119
697,489,62,119
696,487,62,119
696,488,61,118
696,487,62,119
696,487,62,118
696,487,62,118
695,486,62,119
696,487,61,118
695,486,61,118
690,487,61,126
689,488,61,127
689,488,61,127
689,489,61,125
687,491,61,129
685,491,61,129
684,493,61,128
681,493,60,127
680,495,60,127
677,495,60,126
676,496,59,125
674,498,58,123
672,499,58,123
671,499,58,123
670,499,58,122
668,499,59,124
665,499,60,126
662,500,59,125
660,497,60,128
659,498,59,127
656,498,59,127
654,498,60,127
652,500,59,127
651,500,59,125
649,501,59,125
647,502,59,126
643,502,61,125
641,502,61,125
640,503,61,125
638,504,61,124
635,503,61,126
634,503,62,126
630,503,62,127
628,503,62,124
626,503,62,124
625,504,62,123
624,503,62,124
622,502,63,125
620,501,62,124
619,500,63,125
617,500,63,126
616,500,62,124
616,501,62,124
615,501,62,125
613,502,62,125
611,503,63,126
607,504,64,128
605,505,64,128
602,506,65,129
600,506,65,130
598,505,65,127
597,506,65,127
594,506,65,127
592,507,66,128
591,507,66,129
590,507,66,130
589,508,66,129
586,508,66,129
583,508,66,129
581,508,66,128
580,508,66,128
580,508,66,128
579,508,66,128
578,507,65,128
574,506,66,128
571,505,65,127
569,505,66,129
569,505,66,129
573,505,68,126
572,506,67,125
568,505,69,127
568,506,69,127
566,505,68,126
566,505,69,128
565,504,69,128
564,503,69,127
563,502,69,128
561,502,69,128
561,501,69,129
560,499,70,131
560,504,71,126
559,503,71,126
558,503,71,125
557,502,71,126
556,500,72,127
557,500,71,127
556,498,73,129
556,497,73,129
561,496,73,130
562,496,73,129
562,494,73,131
562,494,73,130
561,492,73,131
561,492,73,131
562,490,74,131
563,489,73,130
564,489,73,130
564,487,73,131
564,486,73,131
565,485,73,130
565,484,73,131
565,482,74,131
565,480,74,132
565,479,74,132
564,478,74,132
563,477,74,132
564,476,74,132
564,475,74,132
564,474,74,131
562,474,74,132
562,473,74,131
563,472,73,131
564,471,73,131
565,471,73,130
565,471,73,130
566,470,73,131
566,470,73,131
567,470,73,130
569,470,73,130
570,470,73,130
570,471,73,130
571,471,73,129
573,471,72,129
574,472,73,130
574,472,73,129
575,472,73,130
575,472,73,130
575,472,73,130
575,472,73,130
576,472,72,128
578,472,72,128
578,472,72,128
578,472,72,128
577,472,72,128
578,472,72,128
578,473,72,129
577,473,72,128
577,473,72,128
577,474,71,127
578,475,71,127
579,475,71,127
579,475,72,127
579,476,72,128
578,476,72,128
579,476,72,128
579,477,72,128
580,477,71,127
580,478,71,127
580,479,71,127
579,479,71,126
580,480,71,126
581,480,71,127
582,480,71,127
583,481,71,127
583,481,71,126
583,481,71,127
583,481,71,126
583,482,71,126
584,482,71,126
585,483,70,126
586,484,71,126
586,484,71,126
589,484,71,126
590,484,71,127
591,484,72,128
593,484,72,128
593,484,72,128
596,485,72,127
596,485,72,128
597,485,72,128
599,485,72,128
600,484,72,128
601,485,71,127
604,485,70,125
605,486,70,125
606,485,70,125
607,486,70,125
609,486,70,125
610,487,70,125
611,487,71,126
611,487,71,127
612,487,71,126
613,488,70,125
613,489,70,125
614,488,71,126
614,489,71,126
614,489,71,134
614,489,71,134
614,489,71,135
615,490,71,134
615,490,71,134
614,490,71,134
613,491,71,133
613,492,71,134
611,492,71,135
610,493,72,135
610,494,72,136
609,497,71,134
610,499,70,132
609,500,69,131
609,500,71,133
609,501,70,132
609,503,69,131
609,505,69,131
609,506,70,131
608,506,71,133
607,507,72,135
606,505,73,138
606,507,74,139
611,509,73,131
611,510,73,131
610,510,73,131
611,511,73,131
613,512,73,131
614,513,73,131
613,513,73,132
613,513,74,133
612,513,75,135
614,517,75,131
615,518,75,132
616,518,76,133
616,518,77,134
617,519,77,135
626,520,69,135
627,521,69,136
624,521,74,133
626,522,74,133
626,522,74,133
627,523,74,133
628,524,74,132
628,525,73,126
628,526,73,126
629,527,73,126
629,527,73,126
629,528,73,126
629,529,73,127
629,529,74,127
629,530,73,126
630,530,74,127
631,531,73,127
631,532,73,127
631,533,73,127
630,533,73,127
630,533,74,128
629,533,74,128
634,535,72,128
634,535,72,128
633,534,72,129
633,534,73,129
632,534,73,130
632,534,73,130
630,534,72,129
630,534,72,128
630,534,72,128
630,534,72,128
629,534,71,126
629,534,71,126
628,534,71,126
629,534,71,123
629,534,70,122
629,535,70,122
629,535,70,122
629,536,70,121
629,536,70,121
629,536,70,122
630,537,71,123
629,537,71,124
629,536,71,124
629,536,72,125
630,537,72,125
630,537,72,125
631,539,72,125
631,537,66,125
632,537,66,125
632,538,66,125
633,538,66,125
634,538,66,126
634,537,67,127
635,538,67,127
637,538,67,127
638,538,67,127
640,537,67,127
641,538,67,126
642,539,67,126
643,540,66,125
643,541,66,125
642,541,67,126
643,541,66,126
643,541,66,126
644,541,66,126
643,541,67,126
642,542,66,125
641,542,66,125
642,543,66,126
643,543,66,126
640,541,66,125
641,541,66,125
640,541,66,125
641,541,66,125
641,542,66,125
642,542,66,125
643,543,66,125
643,544,65,123
643,544,65,123
643,545,65,123
643,546,65,123
644,547,65,123
647,548,63,124
646,548,63,124
646,548,63,125
646,549,63,124
646,549,63,125
647,551,63,124
646,551,63,124
645,553,63,124
643,553,63,124
643,553,63,123
643,554,62,123
643,555,62,123
641,554,63,123
641,555,62,123
641,554,63,125
641,554,63,125
641,553,63,124
641,553,64,126
640,552,64,126
639,552,64,125
639,553,63,122
639,553,63,122
639,554,62,121
639,554,63,122
639,554,63,121
640,554,63,122
640,554,63,121
640,554,63,123
639,553,63,123
639,554,63,121
639,554,63,121
639,553,63,122
640,552,64,123
641,552,63,123
640,551,64,123
641,552,63,123
641,551,64,124
642,551,64,124
642,551,64,123
643,550,64,123
643,550,63,122
644,550,63,122
645,549,64,123
645,549,63,122
646,549,63,123
646,550,63,122
646,550,63,121
648,552,62,121
648,552,63,121
648,552,63,122
649,552,63,122
649,552,63,123
649,550,64,123
651,550,64,123
651,550,64,124
651,550,64,124
651,549,64,124
651,550,64,124
652,550,64,124
652,551,64,125
652,551,64,124
653,553,64,124
652,553,64,124
651,555,64,124
651,556,64,124
650,556,64,124
651,558,64,123
650,558,63,121
650,558,63,121
649,558,63,121
649,559,63,121
648,560,63,121
646,560,63,121
645,560,63,121
645,560,63,121
643,559,63,121
642,559,63,121
642,559,63,121
641,559,63,121
640,559,63,121
640,559,63,121
639,559,63,121
638,558,63,121
637,557,63,121
637,557,63,121
637,557,63,121
636,556,63,121
636,556,63,122
636,555,64,122
635,555,63,122
635,555,63,122
635,555,64,122
634,554,63,122
635,555,64,122
634,554,63,122
634,555,63,121
634,555,63,122
634,556,64,122
633,556,63,122
633,557,63,122
632,556,63,122
632,557,63,122
632,557,64,122
632,558,64,122
632,559,63,122
632,560,64,122
631,561,64,122
631,562,64,122
631,562,64,122
630,562,63,122
629,562,63,121
628,562,63,121
626,562,63,122
623,561,63,122
622,561,63,122
621,560,63,122
620,559,64,122
619,559,63,122
618,558,63,122
617,558,63,121
616,558,63,121
615,558,63,122
615,558,63,121
615,559,63,121
616,561,63,121
616,562,63,121
615,563,63,121
615,562,63,121
616,563,63,120
615,563,63,120
614,563,63,120
613,563,62,120
613,563,63,121
611,562,63,121
611,562,63,121
609,562,63,120
608,561,63,120
607,560,62,120
606,560,62,119
606,558,62,118
604,556,62,119
603,556,62,120
602,553,62,120
600,553,62,119
601,552,62,119
598,550,62,119
595,549,61,118
594,548,62,118
592,547,61,118
591,546,61,118
589,546,61,117
588,545,61,118
588,544,61,117
588,544,61,118
587,541,62,118
586,540,62,118
584,539,62,119
583,537,62,119
583,535,62,119
583,535,62,119
582,534,62,119
583,533,61,118
582,532,61,118
581,531,61,117
580,530,61,117
578,531,61,118
579,529,61,118
579,527,61,117
579,526,61,117
578,526,61,117
578,527,61,117
578,526,61,118
579,525,62,118
580,526,61,117
581,526,57,122
581,526,57,122
581,526,57,122
582,526,57,122
583,526,56,121
583,525,57,122
584,524,58,124
584,523,58,125
586,523,57,123
587,520,59,125
587,519,59,127
586,518,59,126
589,518,59,125
589,517,59,126
590,516,59,126
591,515,59,126
592,514,59,127
592,514,59,127
594,514,59,127
595,514,59,127
595,513,60,128
595,513,59,127
596,513,60,128
597,513,59,127
599,513,59,127
598,513,59,126
600,513,59,126
601,513,59,126
602,514,59,126
604,514,59,126
606,516,59,126
606,516,59,126
608,517,59,126
610,518,58,125
612,519,58,123
611,520,57,122
612,520,57,123
614,521,57,123
616,522,57,122
616,522,57,122
617,522,57,121
619,523,57,122
618,523,57,121
619,524,56,120
620,525,57,120
621,525,57,121
621,526,57,121
624,527,57,120
621,524,60,126
621,524,60,126
620,524,61,128
621,524,61,128
620,524,61,128
621,528,61,124
620,528,61,124
620,528,61,125
620,528,61,124
620,528,61,124
622,529,61,124
621,529,61,124
622,529,61,124
622,529,62,125
622,528,62,125
622,528,61,125
623,528,61,124
623,527,61,124
624,527,61,125
624,527,61,125
624,526,61,125
623,525,62,125
623,525,62,126
624,524,63,128
624,523,63,129
624,523,64,129
623,522,64,130
623,523,64,129
623,523,63,129
623,522,63,128
622,521,63,129
622,521,63,129
623,521,63,129
622,520,64,129
621,518,64,129
620,517,64,129
619,517,64,129
618,515,64,130
619,514,63,129
619,513,63,129
619,513,63,129
618,512,63,129
617,511,63,129
616,510,63,129
616,510,63,129
614,510,65,129
614,510,65,129
614,509,65,129
614,510,65,128
613,509,65,128
613,510,64,128
613,509,64,127
612,508,65,129
611,508,65,129
611,508,64,128
611,508,64,127
611,507,65,128
611,507,64,127
612,506,65,129
612,505,65,129
612,505,65,129
612,504,65,130
614,506,65,130
614,505,65,130
614,505,66,131
614,506,65,130
614,505,65,131
614,504,66,127
614,504,66,127
614,503,67,128
616,504,67,128
617,506,66,127
618,506,66,127
621,506,66,128
621,505,67,129
621,505,68,130
622,505,68,130
624,506,67,129
625,506,68,130
625,506,68,132
627,506,68,132
627,506,68,131
630,506,67,130
631,506,67,130
635,507,67,130
635,507,68,130
636,506,68,131
637,505,68,131
637,505,68,131
638,505,68,131
638,505,68,131
638,505,68,131
639,505,68,131
639,505,68,131
640,505,68,130
639,505,68,131
641,506,67,129
642,505,67,129
641,505,67,128
642,506,66,127
642,506,67,134
642,506,67,134
643,507,67,139
643,507,67,140
644,507,67,140
644,507,67,140
646,507,68,140
647,507,68,142
648,507,68,142
648,506,69,142
649,506,68,142
650,508,68,140
651,509,67,138
652,511,65,136
653,512,65,135
653,513,65,134
656,515,64,135
657,516,64,135
659,518,63,134
661,519,63,133
664,520,63,132
664,520,63,133
664,521,62,132
665,522,62,131
667,522,62,132
669,524,62,130
670,525,62,131
674,525,62,131
675,525,62,131
678,526,68,133
679,527,68,132
681,527,68,133
682,528,67,132
683,529,67,131
685,529,67,132
686,529,67,132
687,529,67,132
687,528,68,133
690,530,68,134
690,529,69,135
691,528,70,136
693,528,70,137
692,527,71,138
694,526,70,137
693,526,70,136
694,528,69,135
696,526,69,135
697,526,69,135
698,524,64,140
699,524,64,141
699,523,65,141
699,522,65,141
699,521,65,142
699,520,65,143
700,518,65,143
700,516,66,144
700,516,66,144
700,515,66,144
699,514,65,143
698,513,66,144
698,512,65,142
698,511,66,143
699,511,66,143
699,511,65,143
698,510,65,143
698,508,66,144
698,508,66,144
699,509,66,144
699,508,66,144
699,507,66,145
700,507,66,145
702,506,66,144
702,505,67,146
704,505,67,147
705,505,67,146
706,505,67,147
708,505,67,146
710,505,67,146
712,505,67,147
712,505,67,147
709,506,67,146
713,507,62,138
717,508,61,136
719,508,61,137
720,508,61,137
720,509,61,136
721,510,61,136
723,511,61,138
725,513,60,135
726,514,66,135
727,514,66,136
728,516,66,135
729,517,76,132
730,518,76,132
732,519,76,132
733,520,76,132
735,522,75,131
736,524,76,131
736,525,76,131
738,526,75,130
740,529,74,129
741,527,74,129
741,527,75,130
742,529,74,130
743,530,75,130
744,532,74,129
745,533,74,129
746,535,74,130
746,535,75,130
739,535,75,131
739,535,75,132
739,537,76,133
740,538,76,133
741,539,76,133
740,541,76,133
739,541,77,134
739,543,76,133
738,544,76,133
739,546,76,133
738,547,76,133
737,547,76,133
736,547,77,135
736,549,77,134
737,550,77,134
737,552,76,133
737,553,76,132
736,555,76,134
734,555,77,135
734,557,77,134
733,558,77,135
732,559,78,136
730,560,77,135
731,561,77,134
728,562,77,135
726,563,77,135
725,564,78,136
723,565,77,135
723,567,77,135
722,568,77,134
719,569,77,135
720,571,78,136
719,572,78,136
717,573,78,136
718,574,78,137
719,576,77,135
719,576,77,136
717,578,77,135
716,581,77,135
717,581,78,136
715,583,78,137
716,583,78,136
717,585,78,136
717,585,77,135
717,586,76,133
716,586,76,133
716,587,76,133
717,589,75,132
719,589,74,130
720,588,74,131
721,588,75,131
720,587,76,133
721,588,75,132
723,589,74,130
725,590,73,128
727,592,73,128
726,591,74,130
725,591,75,131
726,592,73,129
727,593,73,128
727,594,73,128
727,594,73,129
727,594,73,129
727,594,74,129
728,595,74,130
728,596,74,129
730,596,74,129
730,597,73,129
730,598,73,129
730,599,73,128
732,601,72,127
734,602,73,127
734,603,73,127
734,604,73,128
733,605,73,128
734,606,73,129
736,607,74,129
737,608,73,128
737,608,73,128
737,608,73,128
737,609,73,128
738,609,73,128
738,609,74,129
739,609,74,129
739,609,73,128
740,607,73,128
743,607,73,128
743,606,73,128
743,606,73,129
743,605,73,129
743,606,73,128
744,605,73,128
745,605,74,129
746,605,73,129
745,604,73,129
747,604,73,128
746,604,74,130
746,603,74,130
744,603,74,131
744,604,74,130
746,604,74,129
747,604,74,129
749,604,73,129
749,604,73,128
749,605,73,128
750,605,73,128
751,606,73,128
752,605,74,129
751,605,74,129
752,606,74,129
752,606,73,129
752,606,73,129
753,608,73,127
752,608,73,128
753,609,73,128
753,610,73,127
753,610,73,128
753,610,74,129
753,610,73,129
753,610,74,129
751,610,73,128
750,610,74,130
749,610,74,129
750,610,74,129
750,610,74,129
751,610,74,129
750,609,74,130
750,609,74,130
750,608,74,129
749,606,74,129
750,605,74,129
750,604,73,129
751,604,73,128
751,603,73,128
751,601,74,129
751,599,73,129
751,597,73,129
751,597,73,128
753,597,73,128
754,596,73,127
753,595,73,127
755,593,73,127
755,594,72,127
756,593,72,127
756,592,72,127
757,592,72,127
758,592,72,126
758,590,72,126
758,590,72,126
759,590,72,126
759,590,72,126
760,589,71,125
761,589,71,125
761,589,71,124
761,589,71,124
760,589,71,124
760,588,71,124
761,589,71,124
761,589,71,124
762,590,71,124
762,589,71,124
762,589,71,124
763,589,71,124
763,589,71,124
763,588,71,124
763,588,71,124
763,588,71,125
764,588,71,125
