107,360,38,88
109,360,38,88
111,360,38,88
114,360,38,88
116,360,38,89
120,360,39,89
123,360,39,90
125,360,39,90
127,359,39,90
129,359,39,91
130,359,39,91
133,358,39,91
136,359,39,90
139,358,39,90
141,358,39,90
142,358,39,90
144,358,39,91
146,359,40,92
148,360,40,92
150,360,39,91
153,361,39,91
155,360,40,93
157,360,41,94
159,361,41,94
161,359,40,94
163,360,40,93
165,363,39,91
165,365,38,89
171,364,38,89
171,362,38,88
172,367,38,87
178,364,38,88
179,364,37,86
183,365,37,86
183,365,37,85
192,363,37,85
193,360,37,85
194,363,36,83
194,361,36,84
198,360,36,84
200,358,36,84
204,358,38,88
204,357,38,88
209,355,39,91
210,355,40,91
211,355,40,92
215,354,40,91
216,355,40,92
218,356,40,92
220,356,39,90
225,355,38,88
228,355,38,88
228,355,39,90
232,355,39,90
231,357,39,89
237,355,38,87
241,355,38,86
243,355,38,87
244,355,39,89
246,355,39,89
247,355,38,88
249,355,39,91
250,354,40,92
253,355,39,91
257,356,39,90
262,356,38,88
264,357,38,88
266,357,38,87
268,358,37,87
271,360,37,86
273,359,37,86
274,359,37,86
276,359,37,86
278,359,37,87
281,360,37,87
281,359,38,88
286,359,38,88
287,359,38,88
290,358,38,88
293,358,38,88
296,357,38,89
299,357,38,89
301,358,37,87
304,358,37,86
306,358,36,85
309,359,36,83
313,359,35,82
315,359,36,84
318,359,36,85
320,359,37,86
321,359,37,88
323,359,38,88
325,358,38,88
329,358,37,86
332,357,37,86
335,357,36,84
337,357,35,88
339,358,35,87
341,358,35,88
343,359,34,85
345,359,34,84
347,359,34,84
349,358,34,84
353,358,35,86
355,358,35,86
358,358,35,86
360,358,35,87
361,359,36,88
361,359,37,91
363,358,37,93
365,358,38,93
370,356,38,94
372,357,38,93
375,356,38,94
377,357,38,93
379,357,37,92
380,358,37,91
383,357,37,92
386,357,37,91
388,357,37,91
390,357,37,90
393,357,38,93
393,356,39,95
394,353,39,97
396,350,40,98
400,352,39,96
404,352,39,96
409,348,38,95
410,346,39,96
411,347,39,96
412,347,39,97
416,351,39,96
418,349,39,96
419,349,39,96
421,352,38,94
425,352,38,95
428,352,39,95
430,351,39,96
432,352,39,96
435,353,39,95
437,354,38,95
443,353,36,90
444,353,36,91
444,353,36,91
448,353,36,90
449,353,36,90
452,352,36,91
456,353,36,90
457,353,36,90
460,354,35,88
462,355,35,88
463,354,35,88
466,354,36,89
470,355,35,88
473,355,35,87
475,354,35,86
477,354,35,88
478,353,36,89
480,353,36,91
482,352,37,91
485,353,37,92
487,353,37,92
489,353,37,92
490,353,37,92
493,353,37,93
496,353,37,93
499,353,37,92
502,353,37,92
505,354,36,91
506,355,36,90
509,355,36,90
510,354,36,90
513,354,36,90
516,354,36,89
518,354,35,89
520,353,36,90
521,353,36,90
523,353,36,91
525,352,37,92
527,352,37,92
529,353,37,92
531,352,36,91
534,353,36,90
537,353,36,90
539,353,36,90
541,354,36,90
543,353,36,90
546,354,36,90
549,354,36,90
553,354,36,90
554,354,36,89
557,354,36,90
559,354,36,89
561,354,36,89
563,354,36,89
566,354,36,89
570,355,36,89
571,353,36,89
572,352,37,90
573,353,36,89
575,353,36,89
576,353,36,89
577,353,36,88
579,355,33,86
581,355,33,84
588,355,34,90
590,356,33,87
591,356,33,87
594,356,33,86
597,357,32,84
597,357,32,85
600,356,33,86
602,356,32,85
604,356,32,85
606,355,32,85
608,355,32,84
611,355,32,84
613,355,32,85
615,356,32,85
617,356,32,85
619,356,33,88
620,356,34,88
621,356,34,89
623,356,35,91
625,355,35,92
626,355,35,92
628,355,35,92
630,355,35,92
631,355,35,92
632,355,35,92
633,355,35,92
634,355,36,93
635,355,36,93
637,355,36,93
639,356,35,92
641,356,35,92
642,356,35,91
644,357,34,89
645,356,34,90
647,357,34,89
648,357,34,90
649,357,34,91
650,357,35,91
652,357,34,90
653,356,34,90
654,356,35,91
655,355,35,91
656,355,35,92
657,355,35,92
658,355,35,92
659,355,35,91
661,356,34,90
661,355,35,92
662,356,35,92
664,357,35,92
665,356,36,93
667,355,35,93
668,355,35,92
670,355,35,92
671,355,35,92
673,355,35,92
673,354,35,92
675,355,35,92
675,354,35,91
677,355,35,91
678,355,35,91
679,355,35,91
679,355,35,91
680,355,34,90
680,355,34,91
682,356,34,90
682,356,34,90
680,355,34,91
681,355,34,90
680,355,34,90
682,355,34,90
683,356,34,90
683,355,34,90
683,356,34,90
684,356,34,89
685,356,34,89
685,355,34,90
685,355,34,91
686,356,35,91
687,356,34,91
688,357,34,91
688,356,34,90
689,356,35,91
689,356,35,91
689,356,35,91
690,356,35,91
691,356,35,91
692,356,35,91
693,355,35,91
693,355,35,91
694,355,35,92
695,355,35,92
696,354,35,92
697,355,35,91
698,355,35,91
699,356,35,91
699,356,34,91
700,357,34,90
701,357,34,90
701,357,34,90
701,357,34,90
701,356,34,90
701,356,34,90
701,355,34,90
702,356,34,91
703,356,34,90
703,355,35,91
704,355,35,91
705,355,35,91
706,355,35,91
706,355,35,91
707,355,35,92
708,355,35,92
708,355,35,92
710,357,34,90
710,356,34,91
712,357,34,91
714,357,34,91
715,357,34,90
716,357,34,90
718,358,34,89
719,359,34,88
722,360,33,88
722,359,34,88
724,358,34,88
726,357,34,90
727,357,34,90
728,356,35,92
729,356,35,92
730,356,35,91
731,356,35,91
731,356,35,91
732,357,35,91
733,357,34,91
738,356,35,91
739,356,35,92
743,357,35,91
745,357,34,90
745,355,35,92
747,356,34,90
747,357,34,90
749,357,34,90
751,358,34,90
753,359,34,90
754,355,34,91
757,355,34,91
760,355,33,90
760,355,33,90
763,355,33,89
766,355,33,89
768,356,33,88
769,361,33,81
776,362,33,81
779,362,32,81
779,360,33,83
782,359,34,85
783,359,34,86
785,359,34,85
788,359,33,83
789,358,33,82
791,358,33,82
793,358,33,82
798,360,33,82
801,360,33,82
804,361,33,83
807,361,33,82
810,362,33,82
813,362,33,81
815,363,32,80
819,363,32,78
822,363,31,78
824,362,31,78
827,362,32,79
829,362,32,80
831,361,32,80
834,360,33,81
836,359,32,81
839,360,33,81
839,360,33,82
841,361,33,81
844,360,33,81
846,360,33,82
