274,113,41,122
274,113,41,122
274,113,41,122
274,113,41,122
275,114,41,121
274,114,41,121
274,113,41,121
275,114,41,121
275,113,41,121
274,113,41,122
274,114,40,120
274,113,41,123
272,113,44,124
272,113,44,124
269,112,47,124
269,112,47,124
269,112,47,124
269,112,48,125
266,113,52,124
266,112,51,124
266,112,51,124
266,114,52,121
266,114,52,120
266,115,52,121
267,115,52,122
267,117,52,120
268,118,52,120
267,118,51,119
269,120,51,117
270,121,51,116
272,122,51,113
274,122,48,114
274,122,48,114
278,122,48,114
278,121,48,115
279,121,48,114
280,120,48,114
280,120,48,114
281,118,48,115
282,118,48,115
282,117,48,114
283,118,47,113
283,118,47,112
284,118,47,113
283,118,48,114
284,120,47,112
283,118,48,115
283,120,48,115
284,122,45,112
284,122,45,111
285,124,44,110
285,123,46,110
283,123,47,109
283,122,47,107
283,121,47,107
283,121,47,107
287,120,44,108
286,119,45,110
286,119,46,109
288,119,44,108
288,118,44,110
288,118,44,111
289,117,44,111
290,118,44,110
291,120,44,109
292,121,44,109
293,123,43,106
295,125,43,103
297,125,43,103
297,126,43,103
298,125,43,102
300,125,43,103
302,124,43,102
303,124,43,101
304,123,43,101
304,122,42,101
305,121,43,102
305,119,43,105
306,119,43,104
306,119,43,105
307,120,43,104
307,121,42,102
308,123,42,102
309,125,41,100
309,126,41,99
310,127,40,99
311,127,41,99
312,128,41,99
312,127,41,100
312,126,41,101
312,125,41,101
312,124,41,101
314,122,41,101
314,122,41,99
314,121,41,99
315,121,41,100
316,121,41,100
317,123,40,99
317,123,41,99
319,125,40,98
320,126,40,98
320,127,40,98
322,128,40,97
323,129,40,97
324,130,39,96
325,130,39,96
326,129,40,97
327,128,40,97
327,126,40,97
327,125,40,97
327,125,40,97
327,124,40,98
328,124,40,97
328,124,40,97
329,124,41,97
329,125,41,97
329,126,40,94
330,128,40,94
330,129,39,93
331,130,39,92
331,130,39,93
331,130,39,91
331,129,39,93
332,129,39,93
331,128,39,93
331,127,39,93
331,126,40,94
333,125,40,95
333,124,40,94
333,123,40,95
334,124,40,95
335,125,39,93
336,126,39,93
336,127,39,93
337,128,39,92
338,128,39,92
339,130,39,92
341,131,38,91
341,132,38,90
342,132,38,90
342,131,38,90
343,131,38,90
344,130,38,89
344,128,38,89
344,128,38,89
345,127,38,89
344,127,38,89
345,127,38,89
344,127,38,89
345,128,38,89
344,129,38,89
345,130,38,89
345,132,37,88
345,133,37,88
345,133,36,86
345,133,36,86
345,133,36,86
345,131,37,87
344,130,37,87
345,129,37,87
345,128,37,87
345,128,36,86
345,127,36,86
346,128,36,85
346,128,36,86
346,128,36,85
347,129,36,84
347,130,36,84
347,131,36,84
347,132,36,84
347,132,36,84
347,132,36,85
348,132,36,84
348,132,35,84
349,132,36,84
348,131,35,84
349,130,36,85
348,128,36,85
349,128,36,84
349,128,36,84
348,128,36,84
349,129,35,83
349,130,35,83
348,131,35,83
348,132,35,83
348,133,35,82
348,133,35,82
348,135,34,82
348,135,34,81
348,135,34,81
347,134,35,82
347,132,35,82
347,131,35,82
348,131,35,82
348,131,35,83
348,130,35,83
349,130,35,83
349,131,35,83
349,131,35,82
349,132,34,82
350,134,34,81
351,136,34,80
351,137,34,80
352,138,33,79
351,138,33,78
352,138,33,79
352,138,33,78
353,138,33,78
353,136,33,78
354,136,33,78
354,135,33,79
353,134,33,79
353,134,33,79
353,134,33,78
353,135,33,79
353,136,33,79
353,137,33,78
353,138,33,77
353,139,32,76
353,139,32,77
352,139,33,77
352,139,32,76
352,139,32,76
352,139,32,76
352,138,32,76
352,137,32,76
352,136,32,76
352,135,32,76
352,135,32,77
352,135,32,77
352,135,32,77
353,137,32,76
353,138,32,75
353,139,31,74
354,140,32,75
354,141,32,75
354,142,31,74
355,143,31,74
355,143,31,74
355,143,31,73
356,142,31,73
355,141,31,73
355,140,31,73
356,140,31,74
355,139,31,74
355,139,31,74
355,139,31,73
355,140,31,74
355,141,31,74
355,142,31,74
355,143,31,73
355,145,31,73
354,145,30,72
354,146,30,71
354,146,30,71
354,146,30,71
353,145,30,72
353,144,30,72
353,143,30,72
353,143,30,71
354,143,30,71
354,142,30,72
354,142,30,71
355,143,30,71
354,143,30,70
355,144,30,70
356,146,29,69
356,147,29,69
356,147,29,69
356,148,29,68
356,148,29,69
357,148,29,69
357,147,29,69
357,147,29,69
357,146,29,69
357,145,29,69
357,144,29,69
357,143,29,69
357,143,29,69
357,144,29,68
357,144,29,68
357,145,29,68
357,146,29,68
356,146,29,68
357,147,29,68
356,147,29,68
356,147,28,67
356,147,28,67
356,146,29,68
356,145,29,68
355,144,29,69
356,143,29,69
356,142,29,69
356,142,29,68
356,142,29,68
356,142,28,67
357,144,28,67
357,144,28,67
357,145,29,67
357,145,28,67
358,146,28,67
359,147,28,67
359,147,28,67
359,146,28,67
359,146,28,67
359,145,29,67
359,144,29,68
359,143,29,68
359,142,29,68
359,142,29,68
359,142,29,68
359,142,29,68
359,142,29,68
359,143,29,68
359,144,29,68
358,144,29,68
358,146,28,67
358,146,28,67
358,146,28,67
358,145,28,67
358,144,29,68
357,142,29,68
357,142,29,68
357,141,29,68
358,141,29,68
358,141,29,68
358,141,29,68
358,141,28,67
358,141,28,67
359,142,28,66
359,143,28,66
359,144,28,66
359,144,28,65
359,144,27,65
360,145,28,65
361,145,28,65
361,144,27,65
361,144,27,64
361,144,28,65
362,143,27,65
362,142,28,65
362,141,27,64
363,141,27,65
363,141,28,65
363,141,28,65
363,141,27,65
363,142,27,64
363,142,27,64
363,142,27,64
363,143,27,64
363,144,27,64
363,144,27,64
363,144,27,64
363,145,27,64
363,145,27,64
363,144,26,63
363,143,27,63
363,143,26,62
362,142,27,63
363,141,27,63
362,141,26,63
362,140,26,63
363,140,25,63
363,140,25,63
364,139,23,64
364,139,23,64
364,138,23,64
364,138,23,64
365,139,23,64
365,139,23,65
365,139,23,64
365,139,23,64
365,139,23,64
365,140,23,64
367,140,23,65
367,140,23,65
368,140,23,65
367,140,23,65
368,140,23,65
368,140,23,65
368,140,23,64
367,139,23,64
367,139,23,64
367,139,23,64
367,139,23,64
367,139,23,64
367,139,23,64
367,139,23,64
369,139,21,64
369,139,21,65
373,140,24,61
373,140,24,61
373,140,24,61
373,140,24,61
374,142,24,60
375,144,23,59
375,144,23,59
375,144,23,59
374,145,26,58
374,145,26,58
374,145,26,58
375,146,26,58
375,146,26,58
375,145,26,58
375,144,26,58
375,143,26,59
375,143,27,59
375,143,27,59
375,142,27,59
375,142,27,60
377,142,27,60
379,143,26,59
379,143,26,59
380,144,26,59
382,143,26,58
383,144,25,57
383,144,25,57
384,145,25,55
384,145,24,55
385,145,24,55
387,145,24,54
385,145,24,53
386,145,24,54
387,144,25,55
388,144,24,54
389,143,24,54
389,143,24,54
387,143,24,54
387,145,24,54
389,145,24,54
390,144,24,55
389,145,24,54
390,145,25,55
389,144,25,55
391,146,25,56
392,145,25,56
391,145,25,56
390,145,26,57
391,142,26,59
391,141,27,59
393,140,27,60
392,142,27,56
393,141,27,57
393,141,27,56
394,142,27,57
394,142,27,56
395,142,26,59
397,142,26,58
398,142,26,58
399,144,26,59
399,143,26,58
399,143,26,59
399,142,27,59
399,141,27,60
400,140,27,60
399,140,27,60
399,140,26,59
400,140,26,59
400,140,26,58
401,141,26,57
401,142,25,57
401,142,25,56
403,144,25,56
403,143,25,56
403,143,25,56
403,144,25,56
403,144,25,55
403,142,25,56
403,142,25,56
403,141,25,56
404,141,25,57
404,141,25,56
405,141,25,56
404,141,25,56
406,143,25,55
405,142,25,55
406,143,24,54
408,143,24,54
409,144,24,54
411,144,24,53
411,144,24,54
411,143,24,55
411,142,24,54
411,142,24,55
411,141,24,55
411,140,24,55
412,140,24,55
411,139,25,55
412,139,24,55
412,139,24,55
412,139,24,55
413,140,24,54
413,141,24,54
414,141,24,53
414,142,24,53
414,142,24,54
414,142,24,54
415,142,24,54
415,141,24,54
416,141,24,55
416,140,24,54
416,140,24,54
418,139,24,54
418,138,24,54
419,139,24,53
418,138,24,53
418,138,24,53
419,139,24,53
420,139,24,53
421,141,24,53
421,141,23,52
422,142,23,52
422,142,23,52
423,141,23,52
423,141,24,53
423,140,24,53
423,140,24,53
424,139,24,54
425,138,24,54
424,138,24,55
425,138,24,54
425,138,24,54
425,138,24,54
426,139,24,54
426,139,24,54
426,140,24,54
426,140,24,53
427,140,24,53
428,142,23,49
428,143,22,47
428,142,22,48
429,142,22,48
429,142,22,47
429,141,22,48
429,140,23,49
429,140,23,49
430,140,23,48
431,139,23,48
432,140,22,48
432,140,22,47
432,140,22,48
433,140,22,47
434,141,22,46
436,142,21,45
437,142,21,45
437,142,21,45
437,142,22,46
438,141,22,46
439,141,21,45
438,139,21,45
439,140,21,45
439,139,21,44
439,139,20,43
439,138,23,48
439,138,23,48
439,138,23,48
440,139,23,48
440,139,22,47
440,139,22,47
441,140,22,46
441,140,22,46
442,140,22,46
442,139,22,46
442,138,23,47
442,138,23,48
442,137,23,48
442,137,23,48
443,136,23,49
443,135,24,50
444,135,24,50
444,135,24,50
445,136,24,50
446,136,24,49
447,137,23,49
447,137,23,48
448,137,23,48
449,137,23,48
449,137,23,47
450,137,23,48
449,136,23,48
450,136,23,48
450,135,23,48
451,135,23,48
451,134,23,48
451,134,23,49
451,135,23,48
451,136,23,49
451,136,23,48
452,137,23,48
452,137,23,48
452,137,23,47
452,137,23,47
452,137,23,48
452,136,23,48
452,135,23,48
452,135,23,48
452,134,23,48
453,134,23,49
453,134,23,49
453,133,23,49
453,133,23,49
453,134,23,49
453,135,23,49
454,135,23,48
455,135,23,48
455,135,23,48
456,135,23,48
457,136,23,47
457,135,23,48
457,135,23,48
457,135,23,48
458,134,23,46
458,133,23,47
458,133,23,47
458,133,23,47
458,132,24,47
458,133,24,47
458,132,24,47
459,134,23,47
458,133,24,47
459,134,23,47
459,134,23,46
459,135,23,46
458,135,23,46
458,135,23,46
458,135,23,46
458,135,23,46
458,133,24,47
458,133,24,47
457,133,24,47
458,132,24,47
458,131,24,48
458,132,24,48
458,132,24,48
458,132,24,48
458,133,24,47
458,132,24,47
459,133,23,47
460,134,22,47
460,133,22,46
460,134,22,46
460,134,22,46
460,133,22,46
460,133,22,47
460,132,22,47
461,132,21,47
461,131,21,48
461,131,21,48
461,130,21,48
461,130,21,48
461,131,21,47
461,132,21,47
461,131,21,47
461,133,21,47
461,132,21,46
461,133,21,46
461,133,21,46
462,133,20,46
462,133,20,46
462,133,20,46
