984,271,121,306
1016,259,120,305
1017,260,121,305
1016,256,124,313
1015,257,123,310
1008,243,123,310
1008,244,123,311
1008,244,123,311
984,271,122,310
986,272,122,308
985,271,122,308
970,281,121,306
969,281,120,304
969,281,120,304
969,281,120,304
907,279,120,305
907,279,120,305
908,278,121,307
848,279,123,303
845,276,125,303
847,279,124,304
752,275,122,290
753,276,120,288
753,276,120,288
753,276,120,288
710,270,120,287
709,268,119,286
710,270,119,286
729,262,121,291
730,263,120,288
730,263,120,289
725,247,120,288
726,248,120,289
724,248,119,286
725,246,121,292
718,265,119,286
717,266,119,285
716,265,118,283
730,272,118,284
729,272,121,289
728,272,119,287
732,272,119,286
733,272,120,288
733,272,120,289
732,272,121,290
714,228,120,289
715,228,121,291
715,228,122,292
713,261,120,287
713,262,119,286
714,263,120,287
731,280,119,285
731,280,118,284
732,282,118,283
731,281,118,283
791,283,118,284
792,283,119,286
791,282,120,288
797,245,121,289
795,244,121,291
796,245,122,292
879,291,120,287
878,291,120,288
879,291,121,289
878,291,120,288
908,284,119,284
908,284,119,285
907,284,118,283
926,277,117,281
928,277,118,284
928,277,119,285
867,223,118,284
867,224,119,285
866,223,118,283
867,224,118,284
847,274,118,282
847,275,116,279
847,276,116,278
830,272,116,278
831,271,116,278
831,271,116,278
882,264,116,278
882,264,116,278
882,264,116,278
882,264,116,278
897,239,116,279
896,238,116,279
896,238,116,279
979,277,118,282
981,275,119,285
979,275,119,286
1011,273,119,286
1010,272,120,287
1010,272,120,286
1010,272,120,286
1018,274,118,283
1018,273,117,281
1019,276,116,278
936,232,115,275
936,231,116,277
936,229,119,284
913,263,119,285
914,265,118,282
914,264,118,282
914,264,118,283
891,286,119,284
893,287,119,284
892,286,118,283
918,283,118,283
918,283,118,283
918,283,118,283
900,237,117,280
900,236,116,277
902,239,115,276
901,237,115,275
961,299,116,278
960,299,116,277
961,299,116,278
962,314,118,282
964,314,119,284
964,315,119,284
948,326,120,288
949,326,120,286
947,325,120,286
947,325,120,286
851,235,118,281
852,237,117,279
853,238,116,278
841,294,115,276
841,295,115,275
841,295,115,275
818,319,116,279
817,319,118,282
818,319,118,282
817,318,117,279
897,302,118,281
896,302,118,282
895,300,118,281
917,252,119,284
917,251,119,285
917,251,120,286
967,282,120,287
966,281,119,285
967,283,120,286
966,282,119,285
982,311,120,286
980,310,123,290
980,311,122,288
926,311,118,279
927,310,119,280
927,312,117,276
927,311,116,274
885,255,123,291
884,253,125,294
884,253,125,296
838,279,124,293
839,277,127,299
838,275,128,303
835,303,126,298
836,304,124,293
836,307,122,287
836,305,123,289
913,295,124,293
915,296,124,293
914,294,124,293
914,250,126,297
915,250,127,299
914,250,128,301
889,295,127,299
889,295,126,298
889,296,124,292
890,297,122,288
875,320,120,283
876,321,119,280
876,320,119,280
837,299,118,278
837,297,118,278
837,298,118,278
811,281,119,281
813,283,119,282
813,282,119,282
813,282,120,282
770,294,121,285
769,293,122,288
770,293,124,292
772,293,123,290
774,295,121,286
772,293,122,287
866,293,121,285
866,293,121,284
867,292,120,284
868,294,120,284
923,258,121,284
922,256,120,284
923,258,121,284
967,262,122,287
967,263,122,287
968,263,123,289
1006,269,122,287
1007,269,121,286
1008,270,122,287
1007,269,122,287
983,261,120,284
987,266,119,280
987,266,119,280
931,224,121,285
932,224,123,289
930,223,123,290
887,259,122,287
888,259,122,286
887,257,122,287
888,259,122,286
866,262,118,278
867,262,117,275
867,263,116,274
935,258,119,280
935,258,119,279
935,257,120,283
926,207,121,284
925,207,119,281
925,206,121,284
925,207,119,281
1002,248,121,286
1001,248,122,287
1000,248,120,283
1042,249,122,287
1043,250,123,289
1041,248,123,290
1040,261,122,287
1039,259,123,289
1039,259,123,290
1039,260,123,289
949,190,122,287
949,190,121,284
949,190,121,284
953,243,120,281
954,245,119,281
955,245,119,281
967,258,120,282
964,256,120,283
964,255,120,283
965,256,121,284
1048,249,121,286
1048,249,122,286
1046,247,122,288
1065,215,123,288
1064,213,123,289
1066,214,123,290
1154,263,123,289
1153,263,122,288
1153,264,122,288
1154,265,122,288
1202,268,78,287
1201,267,79,286
1200,268,80,285
1201,286,79,286
1201,284,79,288
1203,284,77,290
1117,200,123,290
1119,200,124,292
1119,200,124,292
1119,200,124,292
1110,245,122,288
1110,246,122,287
1109,246,121,285
1077,256,119,280
1075,255,118,278
1075,255,118,278
1109,225,118,279
1109,226,119,279
1110,225,119,281
1110,225,119,281
1119,190,119,281
1117,189,120,283
1117,188,121,285
1183,255,97,287
1183,255,97,288
1184,256,96,289
1190,284,90,286
1189,285,91,284
1189,285,91,284
1189,285,91,283
1184,301,96,283
1184,301,96,283
1184,301,96,283
1069,209,120,283
1069,209,120,283
1069,209,120,283
1086,253,120,281
1087,255,119,281
1087,255,119,281
1087,255,119,281
1077,266,119,280
1076,265,118,279
1077,266,118,278
1096,232,118,277
1097,234,117,275
1097,234,117,276
1112,184,116,274
1111,184,116,273
1112,185,116,273
1111,184,116,272
1195,265,85,273
1193,264,87,273
1193,263,87,273
1194,284,86,276
1193,283,87,278
1194,283,86,278
1170,303,110,279
1171,304,109,280
1170,303,110,279
1171,304,109,279
1044,233,118,278
1043,232,118,278
1043,232,118,278
1017,259,117,275
1016,260,117,274
1018,262,116,274
969,280,116,274
967,280,111,273
967,280,111,273
967,280,111,273
948,267,111,274
949,268,112,276
948,268,111,273
897,218,110,270
898,219,110,271
897,219,110,270
925,279,110,271
925,278,111,274
925,277,112,276
924,277,113,278
893,286,113,277
893,287,112,276
893,287,112,275
842,301,112,275
843,300,112,275
843,300,112,275
724,244,111,272
724,245,110,270
725,247,114,269
724,246,116,269
696,295,129,269
697,297,129,267
698,300,126,261
673,323,127,263
672,325,126,262
671,324,127,263
695,295,125,258
695,295,124,257
695,295,124,256
695,295,124,257
748,255,125,258
748,256,126,260
746,257,126,261
834,290,149,261
835,290,157,263
832,289,151,266
867,285,152,264
872,284,149,264
872,285,144,261
870,285,151,259
956,275,153,262
955,277,150,257
956,276,152,260
943,249,149,255
944,251,147,252
944,247,145,252
966,247,144,268
967,248,144,260
967,243,133,265
968,245,131,261
933,246,132,263
933,247,132,263
933,247,132,263
954,232,132,262
957,236,129,258
955,234,130,259
1032,228,130,260
1031,227,130,259
1031,226,130,260
1031,226,130,260
1032,186,130,260
1030,187,131,261
1031,187,130,260
1059,244,130,259
1061,244,132,262
1058,244,131,260
1117,249,132,262
1119,251,132,262
1119,251,132,263
1118,251,132,263
1151,253,129,264
1151,255,129,265
1151,254,129,266
1055,187,133,266
1056,187,133,265
1057,188,133,265
1013,232,131,262
1009,230,125,260
1010,232,123,256
1009,232,122,254
995,243,121,252
996,243,121,251
994,241,121,252
1037,241,123,257
1036,240,124,259
1037,241,123,258
1037,242,121,252
962,194,120,252
963,196,117,245
963,196,117,244
942,269,118,246
942,268,118,246
941,267,118,247
894,313,118,246
894,315,115,241
895,316,115,241
894,317,114,238
828,354,115,240
828,354,115,240
828,355,115,240
682,283,113,237
682,284,113,236
683,285,114,238
588,295,115,241
588,294,117,244
588,294,117,243
588,294,117,244
531,314,117,244
531,314,117,244
531,314,117,244
513,321,116,242
513,322,115,240
515,324,114,238
456,277,114,239
456,277,115,240
455,276,115,240
454,275,115,240
443,321,115,241
443,319,116,242
444,317,116,247
407,326,115,245
408,326,115,244
407,326,113,241
346,330,115,244
347,332,115,244
348,333,114,242
348,333,114,243
139,264,114,243
136,261,116,246
136,261,115,246
82,270,117,249
81,269,119,254
79,265,122,259
60,311,122,261
60,311,123,261
61,312,122,260
60,311,123,261
110,311,121,257
111,312,120,255
111,313,119,254
117,276,117,250
118,278,116,248
118,279,115,246
181,269,116,267
183,268,115,274
184,269,117,267
184,269,114,266
214,276,114,266
215,278,114,266
214,277,114,266
239,282,110,257
241,285,108,252
243,286,108,252
187,257,108,253
186,254,109,254
187,255,109,255
186,253,117,257
210,266,117,258
210,264,117,258
210,264,117,258
239,274,116,255
241,273,117,258
239,271,118,261
305,280,119,263
303,277,121,268
305,277,122,269
303,277,121,268
350,259,120,265
350,259,120,264
350,258,122,268
448,227,121,267
446,231,118,263
446,231,118,263
496,231,116,260
497,235,112,250
496,233,113,252
497,232,115,256
498,241,113,251
499,243,112,249
498,243,112,249
442,210,116,258
441,209,117,260
441,209,116,259
459,228,106,260
460,225,106,262
460,225,106,262
459,225,106,262
482,240,105,259
483,238,107,264
482,239,107,264
505,239,106,263
505,239,106,263
504,238,106,263
519,213,107,264
519,214,107,264
519,214,107,264
519,214,107,264
579,201,106,261
578,200,107,264
578,200,107,264
591,207,105,259
590,207,104,258
590,208,103,255
599,211,103,255
598,210,103,256
598,209,104,256
599,210,104,257
536,167,106,261
536,167,105,260
535,165,105,261
547,205,105,259
547,205,105,261
546,205,105,259
550,236,105,258
550,235,104,257
551,237,104,256
550,235,103,255
574,242,104,257
576,244,104,257
576,244,104,256
617,250,103,254
617,250,102,253
617,250,102,252
683,241,102,253
682,242,102,253
682,240,102,253
681,240,102,253
671,221,102,251
670,220,102,251
670,220,101,250
657,231,102,253
656,231,102,251
656,230,102,252
568,202,101,251
569,204,101,251
569,205,101,251
570,204,102,251
612,230,102,251
612,231,101,251
615,232,102,252
616,240,102,253
616,238,101,251
617,238,101,250
660,244,102,251
658,242,102,252
658,249,102,244
658,241,102,252
704,271,103,256
708,278,104,250
708,275,105,260
690,249,106,250
690,250,106,250
689,248,106,249
662,238,105,252
662,243,104,245
668,240,99,243
663,241,104,240
641,235,103,239
638,236,103,237
639,235,102,237
585,228,101,250
585,228,100,247
584,229,99,245
528,218,99,244
527,218,99,244
528,218,99,244
527,218,99,244
469,221,99,244
469,222,98,243
470,222,99,244
445,252,88,239
445,251,91,241
443,250,91,240
461,286,94,237
461,288,98,231
462,285,98,233
462,283,98,235
479,261,98,239
478,261,98,237
478,261,98,237
479,263,97,234
478,263,97,234
479,264,97,234
447,285,97,235
446,285,97,236
445,285,98,236
446,284,98,237
409,308,97,234
408,311,95,231
409,311,95,229
339,302,94,228
340,304,94,226
339,305,93,224
300,271,93,226
299,272,93,224
298,272,93,224
299,271,93,224
277,263,93,225
278,263,94,228
279,264,93,226
306,270,93,225
307,271,93,225
307,271,94,227
260,267,94,227
260,267,94,226
262,269,92,223
261,268,92,223
218,269,92,223
