142,154,52,111
142,154,52,110
144,155,47,110
145,155,44,109
145,155,43,110
146,155,43,110
148,155,41,109
149,155,42,109
149,153,42,111
150,155,41,109
150,154,41,109
150,154,41,110
152,154,41,110
152,155,42,109
153,155,42,109
154,155,42,109
155,155,42,109
156,155,46,110
157,155,50,110
158,155,54,109
155,157,60,109
159,157,57,109
155,158,59,110
159,156,58,111
159,158,60,109
161,158,61,109
165,159,59,106
170,158,58,107
179,158,50,111
184,156,49,111
196,156,41,110
199,156,41,110
200,154,41,110
202,153,42,112
202,154,56,111
201,156,65,109
204,157,65,108
203,159,64,107
203,159,64,107
205,160,63,106
209,159,61,105
213,158,60,107
216,158,60,107
220,157,62,110
235,156,49,111
242,155,47,111
249,155,44,110
251,154,47,110
251,154,50,113
256,155,46,111
255,156,53,109
255,157,54,107
254,158,58,107
257,159,59,107
258,158,58,108
259,158,58,108
269,158,50,108
276,157,46,111
278,155,46,112
289,156,39,112
292,155,39,113
295,155,39,112
298,155,43,111
301,156,49,111
303,157,50,109
305,157,50,110
308,158,50,109
310,157,50,110
314,158,50,109
316,157,50,110
320,158,50,109
323,158,49,108
329,157,45,109
333,156,44,110
335,156,45,112
338,156,45,111
339,154,46,113
341,154,46,112
343,155,46,112
344,156,47,111
346,156,47,110
348,157,47,111
350,157,46,109
352,158,45,109
354,158,44,110
355,157,44,109
356,158,44,108
357,158,44,108
357,157,45,109
358,157,44,108
359,158,41,110
359,158,41,110
359,159,41,109
360,159,40,108
360,159,41,109
360,158,41,109
360,158,41,110
361,158,41,110
361,157,41,111
361,157,41,111
361,157,42,112
362,158,42,112
362,158,42,111
362,158,42,112
364,157,41,110
364,157,41,110
364,157,41,110
365,157,41,109
365,157,41,109
366,151,43,118
367,148,41,121
367,150,42,119
366,152,45,116
368,151,41,117
367,151,43,117
367,155,41,114
366,156,43,112
366,157,43,108
366,156,42,112
365,155,44,113
365,157,45,109
365,158,44,107
365,158,44,107
365,159,44,106
365,159,44,106
365,159,44,106
365,158,42,108
363,159,42,108
363,160,42,107
362,161,41,107
361,160,41,106
361,161,41,106
361,161,41,106
361,162,41,106
361,162,41,105
361,162,41,105
361,162,40,105
360,161,41,105
361,162,40,105
360,161,41,105
359,164,43,104
359,163,44,106
359,163,43,107
359,164,43,105
361,162,41,105
361,165,41,101
359,164,43,104
359,164,43,104
360,164,43,104
360,164,43,104
360,165,43,104
360,165,43,103
360,165,43,103
360,164,43,104
360,165,43,104
360,164,43,104
360,165,43,103
361,165,42,102
361,165,42,102
361,165,42,103
360,164,43,103
360,163,43,104
362,162,41,105
362,161,41,106
362,161,41,107
360,161,43,107
360,162,44,106
361,160,43,107
360,159,43,108
361,160,43,108
360,159,44,110
361,160,43,108
361,160,43,108
361,160,43,108
361,160,43,108
361,160,43,108
361,160,43,108
360,158,44,110
361,160,43,108
361,160,43,108
361,159,43,108
361,158,44,110
361,159,43,109
361,159,43,109
360,158,44,111
360,157,45,113
361,159,44,109
360,158,44,110
361,159,43,109
360,158,44,111
360,157,45,113
361,159,44,110
361,159,44,109
361,160,43,109
361,160,43,109
361,160,43,109
361,160,43,109
361,160,43,109
361,160,43,108
361,159,43,109
361,159,43,109
361,160,43,109
361,160,43,109
361,160,43,109
361,159,44,110
361,160,44,110
361,160,43,109
361,160,43,109
361,160,43,109
361,160,44,109
361,159,44,110
361,160,44,110
361,160,44,110
361,160,44,109
361,160,43,109
360,159,44,110
361,160,43,109
361,160,43,108
360,159,43,109
360,158,44,110
361,160,43,108
360,159,44,109
361,159,43,109
360,158,44,110
360,158,44,110
360,158,44,111
361,158,44,110
361,159,44,109
361,158,44,110
360,158,44,111
360,157,44,112
360,157,44,111
360,157,44,111
359,157,44,111
360,157,44,111
359,156,45,114
358,155,45,114
358,156,45,114
357,158,45,111
357,157,45,110
355,157,46,110
355,157,46,110
353,155,45,114
353,156,45,113
352,158,45,111
350,157,45,112
348,158,47,111
347,158,47,111
346,158,47,111
345,158,47,111
344,157,47,111
344,157,47,110
343,157,47,110
342,156,47,112
341,156,46,113
342,157,40,112
342,157,40,112
342,157,40,112
341,157,40,112
341,157,40,112
341,157,40,111
341,157,40,112
341,157,40,112
341,157,40,113
341,157,40,113
340,157,40,113
340,157,40,109
339,157,41,110
336,157,43,110
333,158,45,111
332,158,45,111
331,158,45,111
331,159,45,111
329,158,45,111
328,158,45,111
328,159,45,111
331,159,41,109
330,159,41,108
330,159,40,107
329,159,40,107
329,159,41,108
328,159,41,108
328,158,42,111
328,158,42,111
328,158,42,111
328,158,42,112
328,158,42,111
328,158,42,112
327,158,42,112
328,158,42,112
328,158,42,112
327,157,42,112
328,158,42,111
328,157,42,112
328,157,43,113
328,157,43,113
329,157,43,113
329,156,43,114
330,157,43,113
330,156,43,113
331,157,43,113
332,155,43,114
333,154,43,114
334,154,43,114
335,154,43,114
336,153,43,115
337,154,43,115
339,154,43,114
338,154,48,115
339,154,48,115
339,155,48,114
341,154,48,114
344,155,47,112
345,155,47,112
347,155,47,112
348,154,48,113
350,155,47,113
351,155,47,113
352,155,47,113
352,155,47,113
355,156,44,114
356,156,44,114
356,156,44,114
356,156,44,114
357,157,44,113
357,156,44,114
357,156,44,113
358,156,44,115
362,155,40,113
362,154,40,114
362,154,41,115
363,154,41,115
363,154,41,115
364,153,41,116
364,153,41,116
365,153,41,115
365,154,40,114
365,153,40,114
366,154,40,113
367,154,40,113
368,155,40,113
368,154,40,112
369,154,39,111
369,154,39,111
370,154,39,111
371,154,39,110
372,155,39,109
373,155,38,108
373,155,38,108
373,154,38,109
373,154,38,109
374,154,38,108
375,155,38,107
375,155,38,107
376,154,38,107
376,155,37,106
377,155,37,104
378,157,36,103
378,157,36,101
378,157,36,102
378,158,36,101
378,158,36,101
378,158,36,101
378,158,36,102
380,157,36,102
380,157,36,102
381,156,36,102
381,157,36,101
381,154,38,104
381,154,39,103
383,154,39,103
383,154,40,104
383,154,39,105
384,155,40,104
384,154,40,106
384,154,40,106
385,155,40,106
386,156,41,107
386,156,40,107
387,157,40,106
389,159,39,100
389,159,39,100
389,159,39,100
388,160,41,98
389,162,40,98
389,164,40,96
388,165,41,95
389,168,41,91
387,168,43,92
386,169,44,90
386,169,44,90
385,169,44,90
386,169,44,89
386,168,44,90
385,167,45,91
383,165,47,93
382,163,47,94
382,161,47,93
381,160,47,93
379,159,48,94
378,157,48,100
378,158,48,100
377,157,48,101
376,156,49,102
375,156,49,103
374,155,49,102
374,155,49,102
374,156,49,101
373,155,49,102
372,155,49,103
370,154,49,103
369,154,50,103
369,154,50,104
368,153,50,104
367,154,50,103
367,153,50,105
369,152,47,106
369,153,48,108
369,153,49,110
368,152,48,112
367,152,49,112
370,152,46,113
367,154,48,113
371,155,42,113
367,155,45,113
367,155,44,112
367,156,43,113
366,156,43,113
366,157,42,111
365,156,42,112
364,155,43,113
366,155,43,114
366,155,43,114
365,154,43,115
364,153,44,116
364,153,44,116
364,153,44,116
365,154,44,117
365,154,44,116
368,154,44,116
368,153,44,117
368,154,44,115
369,154,43,113
370,154,43,114
371,153,41,114
371,153,41,114
372,153,41,114
372,153,42,116
372,152,45,116
372,149,46,119
373,150,44,118
373,150,48,118
374,146,50,123
375,147,49,121
375,146,49,121
375,146,49,121
375,145,50,124
376,146,50,122
376,146,50,122
375,144,51,124
376,146,50,121
375,144,51,124
376,144,51,123
376,143,51,126
376,143,52,126
376,142,52,127
376,142,52,126
376,143,51,124
377,144,51,124
376,144,51,124
376,144,51,125
375,143,52,127
375,142,52,127
375,145,54,124
375,145,54,124
375,146,54,123
375,146,53,121
375,147,52,119
374,148,52,118
364,152,62,115
364,151,63,116
363,151,63,117
363,151,63,117
363,152,62,115
363,152,62,115
362,153,61,113
358,153,61,114
358,153,61,114
358,153,61,115
357,153,62,115
357,152,63,117
352,154,69,114
352,154,69,114
352,154,70,116
352,154,69,115
352,154,69,114
352,153,71,117
351,153,71,117
351,153,71,117
351,154,71,117
351,154,66,114
351,155,66,113
351,155,65,113
351,155,65,112
351,155,65,112
352,154,55,113
356,154,51,113
357,155,50,113
357,155,50,113
359,155,47,112
359,155,48,112
362,156,44,112
362,156,44,112
362,157,44,112
362,158,44,111
362,158,44,111
362,158,43,110
361,158,43,110
360,157,43,110
360,157,44,111
359,156,44,111
359,156,44,112
350,155,52,111
351,156,50,111
351,156,49,112
351,156,48,111
347,157,51,110
349,158,48,109
351,157,43,111
349,155,44,113
349,157,44,111
347,156,43,112
347,156,54,112
347,155,52,112
345,155,55,112
344,154,58,113
345,154,59,113
345,154,55,113
345,155,54,113
344,154,55,113
344,154,59,113
343,154,59,114
342,154,57,113
342,154,62,114
342,155,64,113
341,155,68,113
340,154,70,113
340,154,73,113
339,155,75,113
339,155,75,113
339,153,74,115
340,156,70,113
340,154,65,115
340,148,63,121
341,154,52,115
342,156,49,113
343,156,47,113
343,156,47,113
344,156,48,113
344,155,43,113
344,155,43,113
344,155,43,113
344,155,43,113
344,155,43,114
345,156,43,113
346,157,43,113
345,157,48,113
347,156,43,114
349,154,43,115
349,154,44,115
350,155,41,114
349,154,44,114
350,154,40,114
353,154,32,113
353,154,33,113
355,153,31,113
354,154,32,113
353,153,32,114
350,153,35,116
350,154,38,116
349,155,41,114
347,156,46,111
347,156,47,115
347,156,47,115
347,155,48,117
346,155,48,117
347,156,47,115
341,155,51,114
341,155,51,114
340,155,50,113
340,155,50,112
337,154,50,112
337,154,50,111
336,154,50,111
335,155,49,110
329,156,52,114
331,156,49,112
330,156,49,112
328,156,49,112
327,157,49,112
325,157,49,112
321,157,49,112
320,157,49,111
318,157,48,110
317,158,48,109
316,158,48,109
312,158,48,110
309,157,42,110
306,156,42,108
304,156,44,111
301,156,45,112
299,156,44,113
298,156,44,113
297,156,44,113
296,156,44,113
295,155,44,114
294,156,44,113
292,156,44,113
291,157,44,112
289,157,43,112
287,158,43,111
286,158,43,111
285,157,44,112
283,156,44,113
282,156,44,112
281,156,44,113
278,155,44,113
277,155,45,114
275,153,45,115
274,153,45,115
272,153,45,115
271,154,44,114
270,155,44,113
269,155,44,113
268,154,44,114
266,154,44,114
267,154,44,113
268,154,40,114
268,155,40,113
265,155,35,113
262,155,35,113
262,155,35,113
258,154,39,112
256,155,40,113
253,154,45,112
251,154,48,114
250,154,48,115
249,153,49,115
243,153,56,115
240,154,60,114
240,154,57,114
239,155,57,114
237,154,57,114
236,154,57,115
235,154,55,115
234,154,51,114
233,153,49,115
233,153,43,115
233,154,43,114
233,154,40,114
234,154,36,114
234,153,38,115
234,153,38,115
235,153,36,114
235,153,35,114
236,153,35,115
236,153,34,115
236,153,34,115
236,153,34,114
237,153,34,114
237,153,34,114
237,152,34,115
238,152,34,115
237,151,34,116
238,152,34,116
238,152,34,115
237,151,34,116
237,151,34,116
237,151,34,116
238,151,34,116
237,152,34,116
237,151,34,115
236,151,34,115
236,151,34,115
235,150,34,116
235,151,34,116
235,151,34,116
234,152,34,116
234,152,34,116
234,152,34,116
234,152,34,116
234,153,34,116
234,152,34,116
234,153,34,116
233,152,34,116
233,153,34,116
233,152,34,116
233,153,34,116
232,153,34,116
232,153,34,116
231,153,34,117
230,153,34,116
230,153,34,116
231,154,34,116
231,153,34,116
231,153,34,116
232,153,34,116
232,153,34,116
232,153,34,116
232,153,34,116
232,154,34,115
232,154,34,114
233,154,34,115
233,154,34,115
233,154,34,115
233,155,34,114
234,154,34,115
234,154,34,116
236,155,37,112
237,155,36,110
233,155,41,112
235,155,41,113
238,155,38,112
237,155,41,113
238,155,41,113
238,155,40,111
239,154,41,113
240,155,41,112
240,154,44,112
241,154,44,112
244,153,44,112
244,154,44,112
246,153,44,112
246,153,44,112
247,153,44,112
246,153,44,112
246,154,44,112
245,154,44,112
244,155,44,111
242,155,44,112
241,155,44,111
239,155,44,111
238,155,44,111
237,155,44,111
237,156,41,111
235,156,40,112
235,156,40,111
234,156,40,111
234,156,40,111
233,157,39,109
233,157,39,108
233,157,39,108
232,157,38,106
232,156,38,109
232,156,38,109
231,156,38,110
231,155,38,109
230,156,38,109
230,156,38,109
229,155,38,110
229,155,39,111
228,155,39,111
227,154,39,112
223,153,34,115
223,153,34,115
222,153,34,115
221,153,34,115
220,152,34,116
220,153,34,116
220,153,34,116
219,152,34,116
219,153,34,116
218,152,34,116
218,152,34,116
218,152,34,116
218,152,34,115
217,152,34,116
217,151,34,117
218,152,34,116
217,151,35,117
218,151,34,116
218,151,34,116
219,152,34,116
219,152,34,116
218,152,34,115
218,153,34,113
218,152,34,114
218,152,34,114
218,153,34,114
218,153,34,114
218,152,34,115
217,152,34,115
218,152,34,115
218,152,34,115
218,152,34,115
218,152,34,115
218,152,34,115
218,152,34,115
217,152,34,116
218,152,34,116
217,151,34,116
218,152,34,116
218,152,34,116
218,152,34,115
217,151,34,116
218,152,34,116
219,152,34,115
218,151,34,116
220,153,34,115
220,153,34,115
220,153,34,114
220,152,38,115
220,152,38,115
220,152,43,115
220,153,50,114
220,152,54,115
220,152,55,114
220,152,55,113
220,152,54,112
221,152,55,113
220,152,55,114
220,152,57,114
220,152,57,114
220,152,57,114
220,152,57,114
220,152,57,114
220,152,52,114
220,152,47,114
220,152,39,114
220,152,41,114
220,152,41,114
220,152,41,114
220,153,41,114
220,152,41,114
220,152,41,114
220,152,41,114
220,152,41,114
220,152,41,114
220,152,41,114
220,152,41,114
220,152,41,114
220,152,41,114
220,152,41,114
220,152,41,114
220,152,41,114
220,152,41,114
220,152,41,114
219,152,41,114
219,152,41,114
219,152,41,114
219,151,41,114
219,152,41,114
219,152,41,114
219,152,41,114
219,152,41,115
219,152,41,115
219,152,41,114
219,152,41,114
219,152,41,114
219,152,37,115
220,154,35,115
219,153,31,113
219,153,31,113
218,153,32,110
219,153,32,111
218,153,32,111
217,153,32,111
216,152,32,113
216,152,33,114
216,152,33,114
215,152,33,115
216,153,32,115
215,153,33,115
213,152,35,117
211,152,38,117
210,152,39,117
207,151,46,116
207,152,43,116
207,152,43,116
206,152,43,117
205,151,43,117
204,151,43,117
204,151,44,118
204,153,40,115
204,153,40,114
204,154,40,114
203,153,40,115
203,154,40,115
202,154,40,114
202,154,40,114
201,154,40,114
200,153,40,116
200,154,40,115
202,154,37,113
202,154,37,112
201,155,36,111
201,155,36,111
200,154,37,112
200,154,37,112
200,153,34,115
200,153,34,114
199,153,34,113
198,153,34,114
198,153,33,113
197,153,33,113
197,153,33,113
197,153,33,114
196,153,33,112
195,153,33,112
195,153,33,113
195,153,33,113
194,152,33,114
194,153,36,113
194,152,36,114
194,153,36,114
193,153,36,114
193,153,36,113
193,153,36,113
193,152,36,114
192,153,36,114
193,153,36,114
193,152,36,114
193,152,36,114
193,153,36,113
194,153,36,114
194,152,36,114
194,152,36,114
195,152,36,114
195,153,36,113
196,153,36,113
196,153,36,113
196,153,36,113
197,154,36,112
197,154,36,112
197,154,36,112
198,154,36,112
198,153,36,112
199,154,36,112
200,154,36,112
200,154,36,112
201,153,38,112
201,153,38,112
202,153,38,111
202,153,38,112
202,153,38,112
203,154,38,112
206,153,34,112
207,153,34,113
208,153,34,113
207,153,34,112
208,152,34,113
208,153,35,112
208,153,35,112
208,153,35,112
208,153,35,111
208,152,35,112
208,152,35,116
208,152,35,116
209,152,35,116
209,152,35,116
208,152,35,116
208,152,35,116
208,152,35,116
208,152,39,116
208,152,39,116
208,152,39,116
208,152,39,116
208,152,39,115
208,152,39,115
208,152,39,115
208,152,39,115
208,152,39,115
209,152,39,115
208,152,38,114
209,152,39,115
208,152,38,114
209,152,36,115
209,152,35,115
209,153,34,115
209,153,34,115
209,153,34,115
209,153,34,115
209,153,34,115
209,153,34,115
209,153,34,115
209,153,34,114
209,153,34,114
210,153,34,114
209,153,34,114
209,153,34,116
209,153,34,116
209,153,34,116
209,152,34,115
209,153,34,115
210,153,34,116
209,153,34,116
209,152,34,116
209,152,34,115
209,153,34,115
209,153,34,115
209,152,34,115
209,153,34,115
209,153,34,116
209,153,34,116
209,153,34,116
209,153,34,116
209,153,34,115
209,152,34,115
209,153,34,115
210,153,34,115
210,153,34,115
210,153,34,115
209,153,34,115
209,152,34,115
209,153,34,115
210,153,34,115
209,153,34,115
210,153,34,115
210,153,34,115
210,153,34,115
210,153,34,115
210,153,36,115
210,153,36,115
210,152,36,116
209,152,36,116
210,152,36,116
210,152,36,115
210,152,36,115
210,152,36,116
210,152,36,115
210,153,36,115
210,153,36,115
210,152,36,115
210,152,36,115
210,152,36,115
210,152,36,116
210,152,36,116
210,152,36,115
210,152,36,116
210,152,36,116
210,152,36,116
210,152,36,115
210,152,36,116
210,152,36,116
210,152,36,116
211,153,36,115
211,153,36,115
211,153,36,115
211,153,36,115
210,153,36,115
211,153,36,115
211,153,36,115
211,153,36,115
211,153,36,115
210,152,36,116
210,152,36,116
210,152,36,116
210,152,36,116
210,152,36,115
210,152,36,115
210,152,36,115
210,152,36,115
211,152,36,116
211,152,36,116
211,152,36,116
211,152,36,116
211,152,36,116
211,152,36,116
211,152,36,116
211,152,36,116
210,152,36,116
210,152,36,116
210,152,36,116
210,152,36,116
210,152,36,116
211,152,36,116
210,152,36,116
210,152,36,116
210,152,36,116
210,152,36,116
210,152,36,116
210,152,36,116
210,152,36,116
209,152,36,116
210,152,36,116
210,152,36,116
210,152,36,116
209,152,36,116
210,152,36,116
209,152,36,116
210,152,36,116
210,152,36,116
209,152,36,116
210,152,36,116
209,152,36,116
209,152,36,116
209,152,36,116
209,152,36,116
209,152,36,116
209,152,36,116
209,153,36,115
209,153,36,115
209,152,36,115
209,152,36,115
209,152,36,115
209,152,36,115
209,153,36,115
208,152,36,115
208,152,36,115
209,152,36,115
208,152,36,115
209,152,36,115
208,152,36,115
208,152,36,115
209,153,36,115
208,152,36,115
208,152,36,115
208,152,36,115
208,152,36,115
208,153,36,115
208,153,36,115
207,152,36,115
207,152,36,115
207,153,36,115
207,153,36,115
207,153,36,115
206,153,36,115
206,153,36,115
206,153,36,115
206,153,36,115
205,153,36,115
205,153,36,115
204,153,36,115
204,153,36,115
204,153,36,115
203,153,36,115
203,153,36,115
196,153,42,115
194,152,44,116
192,153,43,115
188,153,47,116
188,153,47,116
186,153,47,116
185,153,47,116
185,153,47,116
184,153,46,115
183,152,46,116
185,153,44,115
186,154,41,115
186,153,41,116
186,153,39,116
185,153,39,116
184,153,39,116
184,153,39,116
183,153,39,116
182,153,39,115
180,153,39,115
179,153,39,115
178,153,39,116
178,152,40,117
177,152,40,117
176,153,39,116
176,153,39,116
174,153,41,116
174,153,41,116
173,153,41,116
173,154,41,117
172,154,41,117
171,154,41,115
170,153,41,115
169,153,41,115
168,152,41,115
167,152,41,115
167,153,41,115
168,154,39,114
169,155,38,113
168,155,37,113
167,155,38,112
167,155,39,113
168,155,37,112
167,155,36,112
167,155,36,112
167,155,36,112
167,155,36,112
167,155,36,112
167,155,36,112
168,154,36,113
168,155,36,112
169,154,36,113
169,154,36,114
169,154,36,114
168,154,35,115
168,154,35,115
169,154,35,115
169,154,35,114
169,154,35,114
173,154,31,115
173,154,31,114
173,154,31,114
173,154,31,115
