673,128,33,68
672,128,33,68
664,128,41,68
663,128,41,68
663,127,41,68
662,127,41,69
661,127,41,68
660,126,41,68
660,126,41,68
659,126,41,68
658,126,42,69
656,124,42,70
655,124,42,69
655,123,42,69
654,123,42,69
653,122,43,71
651,122,44,73
651,122,44,73
649,122,44,74
648,122,45,74
648,123,44,73
647,123,43,72
646,122,44,73
644,122,43,72
644,122,43,71
643,122,43,72
641,121,44,72
640,121,43,72
638,120,43,72
638,120,43,71
636,120,43,71
634,120,43,71
633,120,42,70
631,120,42,70
632,121,42,69
630,122,42,69
629,122,42,69
629,123,42,69
628,124,42,70
629,125,42,70
628,125,42,70
627,126,42,70
627,129,42,70
626,130,42,70
624,131,42,70
624,132,42,70
622,131,42,69
621,131,41,69
619,130,41,68
618,130,41,69
617,131,41,69
615,132,42,69
613,133,43,71
612,134,43,71
612,135,41,68
611,135,41,68
609,137,41,68
609,137,41,68
607,138,41,68
605,139,42,69
603,139,41,68
603,139,41,68
601,139,41,68
599,137,41,67
599,138,40,66
597,138,40,66
595,140,41,68
595,139,41,68
595,139,41,68
598,139,41,68
603,139,40,67
610,142,41,67
620,145,41,67
633,146,40,67
649,147,40,66
663,149,40,65
675,147,39,65
687,149,39,65
697,148,40,66
707,149,40,66
717,148,40,65
724,147,40,65
731,149,40,65
737,149,40,65
741,150,40,66
746,150,40,66
753,151,41,67
761,153,41,68
770,156,41,68
779,160,41,67
788,164,41,68
799,170,41,67
810,175,41,68
819,183,41,68
828,188,41,68
837,195,41,68
841,200,41,68
842,201,41,68
841,201,41,68
840,205,41,67
838,206,41,68
835,206,41,68
832,205,41,68
829,205,41,68
827,205,41,67
825,205,41,68
822,204,41,68
819,203,42,69
817,203,41,68
815,203,41,68
813,203,41,68
811,203,41,68
810,204,41,68
808,204,41,68
808,203,41,68
805,203,41,67
803,203,41,67
802,204,41,68
800,204,41,68
799,205,42,69
798,205,42,69
796,206,42,69
794,205,42,69
793,205,42,69
791,205,42,69
789,205,42,69
788,205,42,69
786,206,42,69
785,206,42,69
784,206,42,70
782,206,42,69
780,205,42,70
778,205,42,70
777,205,43,71
776,205,43,71
775,205,43,70
774,205,42,70
772,206,42,70
771,206,42,70
770,207,42,70
768,206,42,70
767,206,42,70
765,206,42,70
764,206,42,70
762,207,43,70
764,207,43,70
763,207,43,70
762,207,43,70
761,204,43,69
760,204,43,69
759,204,43,69
758,204,44,70
756,203,44,71
755,203,44,71
754,203,44,71
753,205,45,72
752,205,45,72
750,205,45,72
745,205,46,73
744,205,46,73
742,206,46,74
740,205,47,74
740,206,47,74
738,206,47,75
738,208,45,72
736,208,45,72
735,207,45,72
733,205,46,74
732,204,46,74
729,205,47,75
726,206,48,76
724,206,48,76
723,206,48,76
721,205,48,76
719,205,48,76
718,205,48,76
717,205,48,76
715,205,48,77
713,205,49,78
711,205,50,79
710,206,50,79
708,206,50,80
707,206,50,80
706,204,50,79
705,203,50,75
704,203,50,75
702,203,50,75
702,203,50,75
701,202,51,76
701,202,50,75
695,202,47,75
694,202,47,75
694,202,47,75
692,202,47,75
690,202,47,76
688,201,48,76
687,202,47,76
684,201,48,77
683,201,48,76
682,202,47,76
680,202,47,76
678,201,47,76
674,200,48,77
672,200,48,77
671,201,49,78
671,202,49,78
670,202,49,78
668,201,48,77
667,200,47,76
666,200,48,76
664,200,48,76
662,200,48,76
662,202,47,75
660,203,47,75
658,203,47,75
658,203,47,76
655,204,47,74
655,203,46,74
644,204,47,74
643,204,46,74
641,204,47,75
640,204,47,76
643,202,47,75
643,203,46,74
639,201,45,73
638,202,45,72
638,201,45,72
636,202,45,72
634,201,45,72
634,199,46,73
634,199,46,73
634,199,46,73
633,198,46,73
631,199,46,73
627,207,43,65
624,207,43,65
620,206,43,65
621,206,42,64
617,206,42,64
618,205,42,64
618,205,42,64
618,204,41,63
618,204,41,63
618,204,41,63
618,203,41,63
615,202,42,63
614,202,43,64
614,201,43,64
613,200,43,65
611,202,43,65
611,201,43,65
611,201,43,65
608,200,43,66
607,200,43,66
608,200,43,66
608,199,43,66
604,198,43,67
604,198,43,67
604,198,43,66
604,198,43,67
603,197,43,67
603,197,43,67
601,199,43,68
602,199,44,68
604,200,43,67
604,198,43,67
603,198,43,67
602,198,43,67
604,198,42,66
602,197,43,67
602,196,43,67
601,197,43,67
601,197,43,67
599,195,43,67
600,195,42,67
599,195,43,67
599,194,43,68
597,193,43,67
599,194,42,67
598,194,42,67
598,193,42,66
599,193,42,66
597,194,42,66
598,195,42,66
599,195,42,66
599,195,42,66
599,195,42,66
599,194,42,66
599,194,42,66
599,194,42,66
599,193,42,66
599,193,42,66
600,193,42,66
600,192,42,66
600,191,43,67
600,191,42,66
601,190,42,66
601,190,42,66
601,190,42,66
601,190,42,66
602,190,42,66
602,189,42,66
603,190,42,66
603,190,42,66
603,191,42,67
604,191,42,66
604,192,42,66
604,191,42,66
604,191,42,66
605,191,42,66
606,190,42,66
606,190,42,66
606,190,42,66
608,195,42,66
610,195,42,66
611,194,42,66
613,194,42,65
616,194,42,66
619,193,42,66
622,192,42,67
625,191,42,67
628,192,42,67
632,191,42,67
635,192,42,66
637,191,42,66
641,192,42,66
644,192,42,66
646,193,42,66
648,193,42,66
649,193,42,67
649,193,43,68
650,192,43,67
649,192,43,67
650,191,43,67
650,191,43,68
650,190,44,68
649,190,43,68
650,190,43,68
650,190,43,68
650,190,43,68
650,189,43,67
653,189,43,67
653,189,43,66
653,189,44,68
654,189,43,68
654,189,43,67
654,189,43,67
655,189,43,68
655,189,44,68
655,188,43,67
655,188,43,68
655,188,43,67
656,188,43,67
655,187,43,67
658,187,43,67
658,187,43,67
659,187,42,66
659,187,43,66
658,186,43,67
659,186,43,67
659,186,43,67
659,186,43,67
659,185,43,67
659,184,43,68
659,184,43,67
660,185,43,68
659,183,43,67
660,184,43,67
660,184,43,67
660,184,43,66
660,184,43,66
660,184,43,67
660,185,43,66
660,184,43,66
660,183,43,67
660,183,42,66
661,183,42,66
660,183,42,66
661,182,42,65
661,182,42,65
661,181,42,65
661,181,42,66
661,180,42,66
661,181,42,65
661,181,42,65
661,180,42,66
661,180,42,66
656,180,42,65
653,179,43,66
654,179,43,67
655,179,44,68
653,178,44,68
651,178,44,68
653,178,43,67
653,177,43,68
649,178,43,67
649,178,43,67
650,179,43,67
651,179,43,67
650,178,43,67
650,179,42,66
650,179,42,65
651,180,41,64
653,179,42,66
654,179,42,65
656,179,42,65
664,184,41,64
674,190,41,64
685,195,41,64
704,203,41,63
727,213,41,63
751,222,41,64
777,233,41,63
795,238,42,64
813,243,42,65
827,243,46,69
849,249,45,68
872,254,46,70
892,257,46,70
905,257,47,72
919,257,47,72
931,257,47,72
940,257,47,73
947,257,47,72
943,256,47,73
941,256,48,74
940,252,48,74
939,249,47,73
936,252,47,72
933,251,47,73
931,250,47,73
931,251,47,73
931,251,46,72
930,254,36,67
930,252,37,69
933,252,37,69
930,251,38,70
932,251,38,70
935,251,38,70
939,251,38,70
942,247,45,77
946,246,45,77
951,246,44,76
956,245,44,75
961,244,44,75
967,244,44,75
973,243,44,75
977,243,44,76
979,243,45,76
981,243,44,75
981,238,42,73
985,238,42,72
991,238,42,72
997,237,42,72
1002,237,42,72
1006,237,41,71
1011,238,40,69
1013,238,40,69
1016,239,40,68
1019,239,39,67
1016,239,39,66
1017,239,39,66
1018,240,38,65
1016,240,39,66
1016,241,39,66
1016,241,39,66
1015,242,39,66
1015,244,38,64
1014,245,38,64
1013,245,38,64
1012,245,38,64
1014,245,38,64
1013,244,39,65
1012,244,39,66
1011,244,39,66
1010,242,40,67
1009,242,40,67
1007,242,35,67
1007,242,35,66
1006,242,34,66
999,237,40,72
998,237,40,72
997,238,39,70
996,238,39,71
994,238,40,71
993,237,41,73
992,236,42,75
992,236,42,76
991,235,42,76
991,233,43,77
992,231,42,76
993,231,42,75
995,229,41,74
997,229,40,73
999,229,40,71
1001,230,39,71
1003,230,39,71
1004,230,40,72
1005,230,40,71
1008,230,40,71
1009,229,40,71
1012,228,40,72
1013,228,40,72
1017,227,40,73
1021,227,40,72
1025,226,40,72
1029,226,40,72
1034,226,40,72
1037,226,40,73
1038,226,40,73
1041,226,40,73
1044,226,41,73
1050,225,41,75
1056,224,41,74
1065,223,40,73
1073,223,40,72
1080,223,40,72
1086,224,40,72
1091,223,40,72
1096,223,41,73
1104,222,41,74
1111,222,42,75
1120,220,42,76
1130,219,42,75
1141,219,42,75
1153,218,42,75
1166,217,42,75
1179,217,41,75
1193,218,42,75
1208,220,42,75
1220,221,41,74
1232,222,41,73
1243,224,40,73
1253,224,40,73
1258,226,40,72
1263,227,40,72
1267,229,40,72
1270,229,40,72
1274,231,40,72
1277,231,40,71
1281,231,40,71
1282,231,40,72
1283,230,40,72
1284,231,40,72
1285,232,41,73
1286,231,41,74
1288,231,42,75
1289,232,42,75
1290,231,41,74
1293,232,41,74
1296,232,41,74
1300,232,41,73
1303,232,41,73
1307,233,40,73
1311,233,41,73
1315,233,41,74
1321,234,41,75
1326,233,42,75
1331,233,42,75
1335,233,41,74
1338,233,41,74
1341,233,41,74
1342,233,41,73
1344,234,41,73
1346,234,41,73
1346,234,41,73
1347,235,41,73
1347,235,40,73
1347,235,40,72
1347,236,40,72
1345,236,40,71
1343,238,39,71
1342,238,39,70
1339,238,39,71
1337,238,39,71
1336,240,39,71
1334,240,39,70
1332,240,39,71
1329,240,39,71
1327,241,40,72
1325,241,40,73
1323,241,41,74
1322,240,41,75
1320,238,41,74
1320,240,41,74
1319,239,41,73
1317,240,40,73
1316,240,40,73
1316,241,40,73
1314,241,40,73
1313,241,40,73
1311,241,41,73
1310,241,41,73
1309,240,41,73
1308,239,40,73
1307,240,40,72
1308,241,39,71
1307,241,39,71
1305,241,39,70
1305,241,39,70
1304,242,39,70
1303,242,39,70
1302,242,39,70
1301,242,39,70
1300,243,39,71
1300,244,39,71
1299,244,39,71
1297,243,39,71
1297,244,40,71
1297,245,39,71
1296,245,39,71
1295,245,39,71
1295,246,39,71
1294,247,39,71
1293,246,40,71
1293,247,40,72
1292,246,40,72
1292,247,40,72
1292,247,40,72
1290,247,40,72
1289,246,40,72
1289,246,40,72
1289,247,40,72
1290,247,40,71
1292,247,39,71
1293,247,39,70
1294,248,39,70
1293,247,39,70
1293,248,39,70
1291,248,39,70
1291,248,39,70
1291,248,39,71
1290,249,39,71
1289,248,40,71
1289,248,40,72
1290,249,40,73
1289,250,41,73
1288,249,41,74
1289,250,41,74
1288,250,42,75
1288,251,42,75
1288,251,42,75
1288,251,42,76
1289,252,42,76
1288,252,42,76
1288,252,42,76
1288,252,42,76
1288,253,42,76
1288,253,42,76
1288,252,42,76
1288,252,42,75
1288,252,41,74
1289,253,41,74
1288,252,41,73
1289,252,40,73
1288,252,40,72
1288,252,40,72
1288,252,40,71
1288,252,39,71
1287,252,39,70
1286,251,39,70
1286,251,39,70
1286,251,39,70
1285,250,39,70
1284,250,39,69
1284,250,38,69
1283,250,38,69
1282,249,38,69
1281,250,38,69
1280,249,39,69
1280,249,39,70
1278,249,39,71
1277,248,40,72
1276,248,40,72
1275,248,41,73
1274,247,41,74
1273,246,41,74
1272,246,42,75
1272,245,42,75
1271,245,42,75
1270,243,41,74
1269,243,41,74
1270,243,41,74
1270,243,41,75
1269,242,42,75
1268,242,42,75
1268,242,42,75
1268,243,42,76
1267,242,42,76
1267,243,42,76
1265,243,42,76
1266,243,42,77
1264,243,43,77
1264,243,43,77
1263,244,43,78
1262,243,43,78
1261,244,44,79
1260,243,43,78
1259,242,43,78
1259,243,43,78
1258,242,43,78
1258,241,43,78
1258,241,43,77
1258,241,42,76
1258,240,41,75
1257,239,41,75
1257,240,41,74
1256,240,41,73
1256,240,41,73
1255,240,41,73
1254,240,41,74
1254,240,41,75
1253,240,41,74
1252,239,41,75
1250,239,41,74
1249,238,41,74
1248,238,41,74
1247,238,41,73
1246,237,40,73
1245,236,41,73
1244,236,40,73
1240,234,41,73
1238,234,41,74
1234,232,41,74
1230,231,41,74
1224,229,41,73
1219,228,41,73
1214,228,41,73
1210,227,40,73
1206,226,41,73
1204,226,40,73
1201,225,41,73
1200,225,41,74
1199,225,41,74
1199,225,41,74
1197,225,41,74
1197,225,41,74
1195,224,41,74
1193,224,41,74
1191,224,41,74
1189,223,41,73
1188,223,40,73
1185,223,40,72
1183,222,40,72
1181,222,40,71
1180,223,40,71
1178,222,39,71
1176,221,40,72
1175,222,40,72
1174,222,40,72
1174,222,40,72
1173,222,40,72
1172,221,40,73
1172,221,41,73
1173,221,41,74
1172,221,41,74
1172,221,41,74
1172,221,41,74
1173,221,41,74
1173,221,41,74
1173,221,41,74
1173,222,41,74
1173,222,41,74
1173,221,41,75
1172,221,42,75
1173,221,42,76
1173,221,42,76
1173,221,42,76
1173,220,42,76
1173,220,42,76
1173,220,42,77
1174,220,42,77
1173,219,43,77
1174,220,43,77
1174,220,43,77
1174,220,43,77
1174,220,43,77
1174,219,43,78
1176,219,43,78
1179,219,44,79
1181,218,44,79
1185,219,44,79
1186,218,44,79
1190,219,44,79
1193,219,44,80
1196,218,44,80
1200,219,45,80
1206,219,45,80
1212,219,44,80
1218,220,44,80
1225,220,44,80
1233,221,44,80
1245,221,44,80
1258,222,44,80
1272,222,44,80
1286,224,44,80
1300,226,44,80
1313,229,44,80
1326,233,44,80
1336,236,44,80
1343,238,44,80
1349,241,45,81
1355,243,44,80
1361,247,44,80
1367,250,45,80
1374,254,45,81
1382,259,45,81
1390,265,45,81
1398,270,45,81
1407,277,45,82
1417,285,45,82
1428,295,45,81
1440,308,45,81
1455,322,45,81
1470,338,45,82
1484,354,45,82
1502,374,46,82
1519,394,45,82
1532,411,46,83
1542,424,46,83
1549,432,46,83
1555,439,46,84
1558,444,46,84
1561,448,47,84
1562,451,47,84
1562,453,47,85
1562,452,47,85
1562,453,47,84
1561,453,47,84
1561,454,46,74
1560,454,46,74
1559,454,47,75
1559,455,46,74
1559,455,45,72
1558,455,45,72
1558,455,45,72
1556,454,45,72
1557,456,44,70
1556,456,43,69
1556,456,43,69
1555,456,42,68
1554,458,42,78
1553,458,42,78
1551,455,42,78
1548,453,42,79
1546,449,43,79
1543,445,42,78
1541,440,42,78
1538,435,42,78
1535,431,41,77
1530,424,41,76
1524,416,41,77
1517,409,41,76
1507,402,41,75
1495,394,41,76
1478,386,41,76
1458,375,41,77
1441,367,41,76
1423,362,41,76
1412,359,41,76
1400,356,41,75
1390,352,40,74
1379,350,39,73
1372,349,39,73
1363,348,39,72
1356,347,39,72
1350,346,39,72
1345,346,39,72
1330,344,48,72
1323,343,48,72
1316,342,47,71
1311,342,47,71
1306,342,46,69
1298,339,46,69
1290,336,47,70
1280,334,46,69
1276,330,41,70
1268,328,42,71
1259,325,41,71
1249,323,42,71
1240,321,41,70
1230,319,40,68
1221,317,39,67
1213,315,39,66
1204,312,38,65
1194,307,37,64
1185,305,37,64
1178,302,37,70
1170,300,37,70
1169,301,36,68
1168,302,35,67
1170,302,36,67
1170,301,37,70
1173,304,37,70
1178,305,37,70
1183,306,37,71
1184,307,38,71
1187,308,38,71
1188,309,38,72
1190,311,38,72
1191,312,38,72
1192,315,38,72
1193,315,38,73
1194,315,38,73
1196,316,39,73
1197,317,39,74
1198,318,40,75
1199,319,40,75
1200,319,41,77
1200,319,42,80
1200,319,42,80
1200,318,42,80
1201,320,40,77
1201,320,41,77
1203,322,42,79
1203,322,43,81
1205,326,42,79
1206,327,41,78
1211,330,40,76
1212,331,40,76
1213,332,41,77
1214,333,40,77
1214,335,41,77
1216,336,41,77
1215,340,41,78
