1128,200,149,302
1123,200,149,302
1115,200,150,304
1105,200,149,301
1099,201,148,300
1092,202,149,302
1087,203,150,304
1078,202,160,305
1071,203,168,306
1063,202,176,308
1058,204,173,307
1043,200,188,308
1034,205,202,310
1024,199,202,321
1020,198,203,320
1013,199,202,321
1007,198,196,318
1000,199,194,319
994,198,181,319
986,199,176,321
979,197,184,326
972,197,178,320
965,198,185,320
958,199,183,324
952,201,183,325
949,203,183,325
939,201,171,323
936,203,168,319
932,204,168,318
925,203,160,322
922,204,157,324
916,205,158,325
915,207,153,320
911,208,151,321
906,210,151,321
900,209,150,326
894,210,153,324
894,211,147,325
889,212,147,322
886,215,149,319
881,218,145,315
877,220,148,318
875,221,144,316
872,220,145,318
868,222,145,319
865,226,145,320
864,230,143,316
862,229,144,318
861,231,141,319
859,235,137,316
856,235,137,316
854,236,138,318
851,236,140,318
847,239,142,311
845,237,143,316
841,236,144,316
839,235,145,318
835,235,145,317
837,239,144,315
833,239,143,314
833,240,142,312
832,240,142,311
831,239,141,311
830,239,136,310
829,240,137,308
828,236,137,310
827,239,133,300
824,238,137,301
823,239,136,301
821,238,136,303
818,236,135,304
815,236,138,302
816,231,137,306
813,231,138,307
809,231,136,303
807,230,136,303
807,231,137,305
803,231,135,301
799,238,135,296
795,234,145,300
793,237,141,294
791,239,143,297
791,241,149,294
789,243,151,293
787,245,159,294
787,245,160,294
787,246,160,294
788,249,160,295
787,251,161,296
788,260,161,293
789,265,160,291
793,270,158,283
794,274,154,282
796,280,153,279
796,283,152,280
798,287,150,284
796,288,156,280
796,292,158,280
797,294,158,280
794,297,158,280
795,301,158,280
796,303,158,280
798,310,160,275
798,311,164,277
802,308,162,277
803,311,162,277
806,316,166,273
808,318,166,273
806,321,174,270
808,324,175,268
810,326,178,265
812,327,181,266
815,327,176,269
817,326,177,271
817,328,177,271
819,325,178,271
821,325,180,275
821,328,177,271
822,332,177,271
823,335,177,270
826,334,176,273
828,338,170,271
829,340,168,275
830,342,165,276
830,343,162,282
830,345,163,283
831,348,161,280
832,350,155,282
833,353,154,281
835,357,154,281
835,359,155,283
834,361,154,281
834,364,154,280
832,364,154,280
831,366,155,282
831,367,157,285
830,370,156,278
831,373,156,277
825,377,163,275
826,379,160,277
828,381,160,275
829,384,167,270
830,386,165,272
831,390,163,270
835,393,160,265
836,394,161,266
840,399,161,267
841,399,160,265
844,404,158,262
846,408,158,262
848,410,158,262
849,413,158,262
851,415,159,264
855,420,160,266
858,424,159,264
858,425,167,265
864,435,166,251
867,438,164,248
868,441,174,250
872,442,172,251
873,444,179,251
876,447,180,249
877,446,180,253
878,450,191,250
882,449,187,254
883,449,188,255
886,455,189,244
888,458,190,251
889,460,189,249
892,462,183,242
895,466,181,239
896,467,178,236
897,468,178,242
897,469,178,242
898,469,177,241
899,471,169,245
898,471,168,249
898,475,165,244
897,480,164,240
896,482,165,238
897,491,151,229
893,492,152,228
891,495,148,225
890,503,147,217
889,506,147,214
887,510,136,210
886,514,136,206
884,519,132,201
883,520,131,200
882,523,130,197
882,529,126,191
880,530,129,190
879,533,121,187
876,529,120,191
874,530,127,190
871,539,127,181
865,541,127,179
859,539,126,181
852,540,120,179
838,540,124,180
827,533,120,187
807,525,120,196
784,516,121,205
760,505,126,215
733,490,120,231
705,477,123,240
674,460,124,245
646,446,124,244
618,433,124,245
593,422,123,244
571,414,124,246
553,406,118,244
538,401,124,244
525,394,123,243
515,390,122,240
506,384,121,240
500,376,122,240
491,366,120,232
486,352,119,230
480,339,119,229
477,326,116,225
474,307,108,226
473,290,106,222
470,269,107,223
470,251,107,225
470,232,108,226
470,213,108,225
472,198,106,222
475,183,106,222
468,168,118,225
471,152,116,225
474,140,117,226
477,129,118,230
481,117,118,230
484,110,119,232
488,102,119,231
501,98,118,229
505,95,118,229
510,93,119,231
514,92,119,231
517,91,117,228
523,93,106,228
527,92,109,229
530,93,109,230
534,96,111,231
537,97,110,228
543,101,109,227
548,103,107,231
553,105,107,230
559,109,106,229
563,110,106,228
568,111,107,231
573,112,107,231
579,113,106,229
584,114,106,229
588,117,106,224
593,116,107,226
598,115,106,225
601,113,106,225
605,112,106,225
610,109,106,225
614,108,106,224
620,105,106,225
623,102,106,224
627,100,106,225
632,103,105,220
635,101,105,219
641,99,104,218
643,98,104,219
645,97,103,216
648,94,104,218
652,94,104,218
656,92,104,219
658,92,104,217
660,92,104,217
663,91,104,217
667,92,104,217
670,90,104,218
673,91,104,216
676,91,104,217
679,91,104,217
682,92,103,216
685,90,105,219
688,92,104,217
690,92,104,216
694,91,107,218
697,92,109,219
703,93,109,216
707,94,109,216
709,93,109,217
714,94,109,216
719,96,109,216
723,96,109,216
726,98,108,214
729,98,108,214
734,100,108,214
737,101,112,214
740,102,112,214
743,105,112,214
745,106,112,213
748,109,113,215
749,110,112,214
750,112,113,215
752,116,113,213
752,116,114,212
758,121,109,211
760,121,109,211
761,121,110,213
761,121,111,215
762,122,111,215
762,123,111,210
774,122,102,207
774,124,104,200
773,126,100,197
775,127,99,195
776,130,104,194
778,131,104,194
778,133,104,193
778,132,110,199
783,131,107,199
784,132,107,198
787,130,107,199
789,132,107,198
790,137,107,193
792,137,108,194
795,137,107,194
797,136,107,193
800,137,107,193
804,138,107,194
809,140,106,192
813,142,106,191
817,142,106,192
821,145,107,193
828,147,107,193
832,149,107,194
836,152,107,191
840,153,107,192
843,154,106,194
845,152,104,195
849,154,104,195
853,154,105,197
855,153,106,199
861,156,105,198
861,153,108,202
865,155,108,202
871,157,105,201
875,158,105,200
880,161,105,200
882,160,106,203
886,163,106,203
890,165,105,201
892,166,104,200
897,171,103,191
898,172,103,191
900,174,102,190
901,176,102,190
902,182,101,184
895,186,102,184
886,188,102,184
874,194,101,183
857,197,102,183
836,202,102,184
813,207,102,184
788,213,101,182
763,221,100,181
737,225,100,180
707,228,100,181
681,235,99,179
654,238,99,178
624,240,100,181
598,242,101,182
571,245,101,183
546,248,100,181
521,249,101,182
501,253,101,181
479,252,102,183
464,255,102,183
449,256,101,182
439,257,101,182
431,257,99,179
427,257,97,175
424,256,97,175
422,251,97,174
422,248,96,174
421,238,97,174
422,230,96,174
422,221,96,173
422,214,98,171
423,202,99,173
425,187,97,172
429,178,96,171
433,172,95,168
437,161,98,168
443,159,98,167
446,155,102,164
450,149,102,164
453,146,101,163
457,142,101,162
464,145,102,158
469,143,102,158
474,141,102,158
478,139,101,157
484,139,101,156
488,138,100,155
493,135,101,156
498,134,100,155
504,133,101,156
508,131,102,157
513,131,104,155
519,128,104,155
524,126,104,156
528,124,100,154
532,120,99,157
537,118,90,158
544,115,89,158
547,113,91,159
552,112,90,157
556,111,89,155
560,110,89,155
570,105,91,162
573,105,91,162
577,104,104,161
580,104,112,160
584,104,107,159
589,104,106,158
591,103,108,160
595,102,98,159
604,102,93,158
607,100,92,161
611,102,92,155
616,101,88,155
619,97,86,156
624,96,87,156
628,94,85,155
633,90,84,157
636,88,88,159
638,85,89,160
639,81,91,165
645,80,83,166
648,77,84,168
650,75,85,170
658,70,78,172
663,70,80,172
666,68,79,173
670,67,79,173
673,67,79,174
677,65,80,175
681,65,80,174
683,62,80,175
687,61,80,176
689,62,79,173
691,59,80,174
695,59,80,174
697,59,79,172
700,59,78,170
703,59,77,169
701,58,83,168
707,57,81,171
708,57,83,167
708,57,85,165
712,56,83,165
715,54,83,166
719,55,83,164
723,55,87,166
725,57,85,165
729,57,84,164
733,57,90,162
738,58,92,160
740,57,96,163
743,60,104,158
747,60,105,159
750,60,110,158
754,61,113,157
760,62,115,156
763,63,114,155
769,64,112,153
772,63,112,146
776,63,113,149
780,62,112,146
785,60,108,147
790,59,106,144
791,61,108,141
793,61,108,141
799,61,107,139
802,62,99,139
805,62,100,134
808,61,99,131
810,65,96,116
815,64,95,115
817,64,95,115
819,64,93,113
824,65,93,113
826,64,93,112
830,63,91,111
833,65,90,110
835,64,90,109
839,64,95,113
841,64,93,111
842,62,102,110
845,62,101,101
847,61,100,100
852,61,100,100
854,61,99,99
858,60,99,99
860,61,98,98
863,60,98,98
867,61,97,97
869,61,97,97
872,61,97,97
876,62,96,96
878,62,96,96
882,63,95,95
886,62,95,95
890,63,94,94
892,64,94,94
897,64,93,93
899,64,94,94
904,64,94,94
907,64,95,95
913,65,96,96
916,65,95,95
920,66,94,94
924,65,95,95
927,65,96,96
930,65,96,96
934,64,96,96
937,64,97,97
941,63,97,97
944,63,97,97
946,62,98,98
950,62,98,98
952,62,98,98
955,61,98,98
957,62,98,98
960,61,91,97
963,62,96,92
965,61,96,100
968,61,102,96
969,63,100,97
971,63,101,96
973,64,98,101
973,63,99,97
974,64,103,96
972,65,101,100
969,65,102,100
964,69,85,103
957,72,102,102
948,77,102,102
936,83,102,102
922,88,102,102
909,96,102,102
895,103,101,101
881,109,101,101
868,116,102,102
857,121,101,101
849,127,101,101
842,130,100,100
834,133,101,101
828,137,100,100
822,140,99,99
817,143,100,100
813,144,99,99
807,147,99,99
803,150,97,97
798,153,97,97
793,154,96,96
790,156,98,98
784,159,98,98
781,162,98,98
774,170,97,97
772,173,96,96
770,175,95,95
765,177,97,97
761,178,97,97
760,182,96,96
757,183,95,95
756,185,96,96
753,188,95,95
752,189,96,96
751,192,97,97
749,192,96,96
748,194,97,97
746,196,96,96
745,197,96,96
745,198,98,98
744,198,99,99
744,199,98,98
743,200,98,98
742,201,99,99
742,204,98,98
740,204,98,98
740,206,99,99
739,207,97,97
737,207,99,99
738,210,97,97
738,210,96,96
739,211,96,96
739,212,96,96
738,213,97,97
739,215,96,96
742,214,95,89
742,216,95,89
744,218,94,88
743,218,94,88
745,220,94,88
746,220,94,88
747,222,93,87
748,222,93,87
750,223,93,87
751,224,93,87
753,224,92,87
754,225,93,87
756,225,93,87
759,226,93,87
761,227,92,86
764,227,92,86
765,228,91,85
767,228,91,85
769,229,91,85
771,229,91,85
775,229,91,85
775,230,91,85
777,229,93,86
779,230,93,86
780,230,93,86
781,229,95,88
780,229,97,89
781,229,97,90
784,232,93,86
785,233,92,85
785,233,93,86
784,234,92,85
785,235,91,85
785,237,92,85
783,236,93,86
783,237,92,85
783,239,90,83
783,240,89,82
783,242,88,82
781,240,89,82
781,242,88,82
779,242,88,81
778,243,88,82
778,244,88,82
777,244,88,82
775,244,89,83
773,244,89,83
771,245,89,83
770,247,88,82
768,246,89,83
767,248,89,83
764,248,89,83
761,248,89,83
759,247,89,83
757,246,89,83
753,245,88,82
751,244,88,82
748,243,88,82
746,242,88,82
744,240,88,82
742,241,88,82
742,240,87,81
740,239,87,81
740,238,87,81
740,237,88,82
739,237,89,83
740,237,89,83
739,238,89,83
740,238,89,83
741,239,89,83
741,240,88,82
741,240,88,82
740,241,89,83
740,241,89,83
740,242,90,84
738,242,91,85
738,242,92,85
738,243,92,86
738,243,91,84
740,244,90,84
739,244,90,84
740,244,90,84
741,246,90,83
740,244,90,84
741,245,90,84
741,243,91,84
742,243,91,85
742,242,91,84
743,240,91,84
744,240,90,84
745,239,89,83
746,238,89,83
748,236,89,83
748,234,89,83
749,234,88,82
750,232,88,82
752,232,88,82
754,230,87,82
755,228,87,81
757,228,87,81
759,227,87,81
760,225,87,81
763,223,87,81
765,222,87,81
766,220,87,81
769,218,87,81
771,217,87,82
773,214,87,81
775,213,87,81
776,211,87,81
779,210,87,81
781,209,87,81
784,207,84,78
786,207,84,78
788,205,84,78
791,204,86,80
793,203,86,80
796,200,87,81
798,199,87,81
800,196,85,80
803,196,86,80
805,194,86,80
808,192,84,78
811,192,83,78
811,190,84,79
813,190,84,78
814,188,85,79
815,187,85,79
816,187,86,80
817,186,85,80
819,185,86,80
820,184,87,81
821,184,87,81
821,183,87,81
822,182,88,82
823,181,87,81
825,180,87,81
825,179,87,81
826,178,88,82
827,178,88,82
827,177,87,81
829,176,87,81
829,177,87,81
829,176,86,81
829,176,87,81
830,175,86,80
832,175,85,80
832,176,85,80
833,176,86,80
835,179,86,80
836,178,85,80
838,180,85,79
838,182,85,79
839,182,85,79
839,183,85,79
840,184,85,79
842,187,84,79
842,186,85,79
842,186,84,78
844,188,83,78
844,188,83,78
845,190,83,78
845,190,83,78
843,190,84,79
844,191,84,79
845,191,84,79
845,193,83,78
845,194,83,78
844,196,82,77
845,200,82,73
845,202,82,72
844,203,82,73
846,203,76,73
843,197,84,84
842,197,83,83
842,199,83,83
842,199,84,84
844,200,83,83
844,202,83,83
845,203,83,83
