291,161,25,60
290,162,25,60
291,162,25,60
291,162,25,60
291,162,25,60
290,162,23,60
291,162,22,60
291,160,23,62
291,162,25,60
291,160,25,61
291,160,25,61
291,160,25,61
291,160,25,60
291,160,25,60
291,160,25,61
291,160,25,61
291,160,25,61
291,160,25,60
291,160,22,60
291,160,22,60
291,160,22,60
291,160,22,60
291,160,22,60
291,160,22,60
291,160,22,60
291,160,22,60
291,160,22,60
291,160,22,60
291,160,22,60
292,160,22,60
292,160,22,60
292,160,22,59
292,160,22,59
292,160,22,60
292,160,22,60
292,160,22,60
292,160,22,60
292,160,22,60
291,160,21,58
291,161,23,60
291,161,23,60
291,161,23,60
292,161,23,60
292,161,23,60
292,161,23,60
292,161,24,61
292,160,24,63
292,160,24,63
292,160,24,63
292,160,24,61
292,161,24,60
292,161,24,59
293,162,23,60
293,165,23,56
293,166,22,55
295,166,22,55
294,166,22,55
294,166,22,55
294,166,22,55
294,166,22,55
297,165,22,54
296,164,22,54
296,164,22,55
297,164,22,55
297,164,22,55
297,163,22,54
297,163,22,54
297,163,22,54
297,163,22,55
297,163,23,55
297,163,23,55
297,165,23,55
297,164,23,55
297,164,23,55
297,165,24,54
297,165,24,54
297,165,24,54
297,164,24,54
297,164,24,54
297,164,24,54
297,162,24,55
297,162,25,55
297,162,25,56
297,162,25,56
297,162,25,56
298,162,25,56
298,162,25,56
299,163,25,56
299,163,25,56
299,163,25,56
300,164,24,55
300,164,24,54
299,164,24,54
300,164,24,54
301,165,23,52
301,164,23,53
301,163,23,53
300,162,24,54
300,163,24,54
300,163,24,54
300,163,24,54
300,164,23,53
300,164,23,52
300,164,23,52
301,166,23,51
301,166,22,51
300,165,23,51
301,165,23,51
301,165,23,51
301,165,23,51
301,164,23,51
301,164,23,51
301,164,22,51
300,163,23,51
301,163,23,52
300,163,23,52
301,164,23,51
301,164,23,51
301,164,23,51
303,166,21,49
303,167,21,49
303,168,21,48
303,168,21,48
304,167,21,49
304,168,21,48
304,167,21,49
304,166,21,49
304,166,21,49
304,166,21,49
305,166,21,49
305,166,21,49
305,166,21,48
305,167,21,48
304,166,21,48
304,168,20,47
304,168,20,47
304,167,20,47
304,167,20,47
304,168,20,47
304,168,20,47
304,167,20,48
304,167,21,48
304,167,21,48
304,167,21,48
304,167,21,48
304,167,21,48
304,167,21,48
305,168,20,47
305,168,20,47
305,168,20,47
305,168,20,46
305,168,20,46
305,168,20,46
305,168,20,46
305,168,20,46
305,167,20,46
306,167,20,46
305,167,20,47
306,166,21,48
306,167,21,47
306,167,20,47
306,167,20,47
306,168,20,45
306,168,20,45
305,168,20,44
306,169,19,44
305,169,19,44
305,169,20,44
305,169,19,44
305,169,19,44
306,167,20,45
306,167,20,45
306,167,20,45
306,167,20,46
306,166,20,46
306,166,20,46
306,166,20,46
307,167,20,46
307,167,20,45
308,167,20,45
308,168,20,45
309,169,18,43
310,169,18,43
310,169,18,43
310,169,18,43
310,169,18,43
310,169,18,43
311,169,18,44
311,168,18,44
311,169,18,44
311,169,18,43
311,168,18,44
311,169,18,43
311,169,18,43
311,169,18,43
311,169,18,43
312,170,18,43
311,170,18,43
312,170,18,43
311,169,18,43
311,169,18,43
311,169,18,43
311,168,18,43
311,168,18,43
311,168,18,43
312,168,18,44
312,168,18,44
312,169,18,41
312,169,18,41
312,169,18,41
312,170,18,41
312,170,18,40
313,170,18,41
313,171,18,41
313,170,18,41
313,171,18,41
313,170,18,41
313,170,18,40
314,170,18,40
314,170,18,40
314,170,18,40
314,170,18,40
313,169,18,40
313,169,18,40
313,170,18,41
313,170,18,41
313,170,18,41
313,170,18,41
313,171,18,40
313,171,17,40
314,171,17,40
314,171,18,40
313,171,18,40
313,171,18,40
313,170,18,40
315,171,16,39
315,171,16,39
315,171,16,39
315,171,16,39
315,171,16,39
315,171,16,39
315,171,16,39
315,172,16,39
315,172,16,39
315,172,16,38
315,172,16,38
316,172,16,38
316,172,16,38
315,171,16,39
315,171,16,39
315,172,16,38
316,172,16,38
315,172,16,38
316,172,16,38
315,172,16,38
316,173,16,38
315,172,16,38
315,173,16,38
315,173,16,38
315,173,16,38
315,172,16,38
315,172,16,38
315,172,16,38
316,172,16,38
315,172,16,38
315,171,16,38
316,172,16,38
316,173,16,38
316,172,16,38
316,173,16,38
316,173,15,38
316,173,15,38
316,173,15,38
317,174,15,38
317,176,15,35
317,176,15,35
317,176,15,35
317,176,15,35
318,176,15,35
318,176,15,34
318,176,15,34
317,176,15,34
317,176,15,34
317,176,15,34
317,176,15,34
318,176,15,34
317,177,15,34
317,177,15,34
317,177,15,34
318,177,15,34
317,178,15,33
317,178,15,33
317,177,15,33
317,177,15,33
317,177,15,33
317,177,15,33
317,177,15,33
317,177,15,34
317,177,15,33
317,177,15,33
317,177,15,33
317,177,15,33
317,177,15,33
318,178,15,33
318,178,15,33
318,178,15,33
317,177,15,33
318,177,15,33
317,177,15,33
317,177,15,33
317,177,15,33
317,177,15,33
317,177,15,33
317,177,15,33
317,177,15,33
317,178,15,33
317,178,15,33
317,178,15,33
317,178,15,33
317,178,15,33
317,177,15,33
316,177,15,33
316,177,15,33
316,177,15,33
316,176,15,33
316,176,15,33
317,177,15,33
316,177,15,33
317,177,15,33
317,177,15,33
317,178,15,33
317,178,15,33
317,178,15,33
317,177,15,33
317,177,15,32
317,177,15,32
317,177,15,33
317,177,15,33
317,177,15,33
317,177,15,33
317,177,15,33
317,177,15,33
317,177,15,33
317,177,15,33
316,177,15,33
316,177,15,33
316,178,15,33
316,177,15,33
316,177,15,33
316,177,15,33
315,176,15,33
316,176,14,32
316,176,14,32
316,176,14,32
316,176,14,32
316,175,14,32
316,175,14,32
316,175,14,32
316,175,14,32
316,176,14,32
317,176,14,32
317,176,14,32
317,176,14,32
317,176,14,32
317,176,14,32
317,176,14,32
317,176,14,32
316,175,14,32
316,175,14,32
316,175,14,32
316,175,14,32
316,175,14,32
316,175,14,32
316,175,14,32
316,175,14,32
316,175,14,32
317,176,14,32
316,175,14,32
317,175,13,32
317,175,13,32
317,175,13,32
317,175,13,32
317,175,13,32
317,175,13,32
316,175,13,32
316,175,13,32
316,175,13,32
316,175,13,32
316,175,13,32
316,175,13,32
315,175,13,32
317,175,12,32
317,175,12,32
317,175,12,32
317,175,12,32
317,175,12,32
317,175,12,32
317,175,12,32
317,175,12,32
317,175,12,32
317,175,12,32
317,175,12,32
317,175,12,32
317,175,12,32
317,175,12,32
317,175,12,32
317,175,12,32
317,175,12,32
317,175,12,32
317,175,12,32
317,175,12,32
317,175,12,32
318,175,12,32
318,175,12,32
318,175,12,32
318,175,12,32
318,175,12,32
318,175,12,32
318,175,12,32
318,175,12,32
318,175,12,32
318,175,12,32
318,175,12,32
318,175,12,32
318,175,12,32
318,175,12,32
318,175,12,32
318,175,12,32
318,175,12,32
318,175,12,32
318,175,12,32
318,175,12,32
317,175,12,32
317,175,12,32
318,175,12,32
317,175,12,32
317,175,12,32
318,175,12,32
318,175,12,32
318,175,12,32
318,175,12,32
318,175,12,32
318,175,12,32
318,175,12,32
318,175,12,32
318,175,12,32
318,175,12,32
318,175,12,32
318,175,12,32
318,175,12,32
318,175,12,32
318,175,12,32
318,175,12,32
318,175,12,32
318,175,12,32
318,175,12,32
318,175,12,32
318,175,12,32
318,175,12,32
319,175,12,32
319,175,12,32
319,175,12,32
319,175,12,32
319,175,12,32
320,175,12,32
320,175,12,32
318,176,13,31
319,176,13,31
319,176,13,31
319,176,13,31
320,176,13,31
320,176,13,31
320,176,13,31
320,176,13,31
320,176,13,31
320,176,13,31
320,176,13,31
321,176,13,31
321,176,13,31
322,176,13,30
322,176,13,30
322,176,13,30
322,176,13,30
322,176,13,30
322,176,13,30
322,176,13,30
321,177,13,30
321,177,13,30
321,177,13,30
321,177,13,30
321,177,13,31
320,176,13,31
320,176,13,31
320,176,13,31
321,176,13,31
321,176,13,31
321,176,13,31
320,176,13,31
320,175,14,29
320,175,14,29
320,175,14,29
320,175,14,29
320,175,14,29
320,175,14,29
320,176,14,29
320,175,14,29
320,175,14,29
320,175,14,29
319,175,14,29
319,175,14,29
319,175,14,29
319,175,14,29
319,175,14,29
319,175,14,29
320,175,14,29
319,175,14,29
319,175,14,29
319,175,14,29
319,175,14,29
319,175,14,29
319,175,14,29
319,175,14,29
319,175,14,29
319,175,14,29
320,175,14,29
319,175,14,29
319,175,14,29
319,175,14,29
320,175,14,29
320,175,14,29
320,176,14,29
320,176,14,29
320,176,14,29
320,176,14,29
320,176,14,29
320,176,14,29
320,176,14,29
320,175,14,29
320,176,14,29
320,176,14,29
320,176,14,29
320,176,13,29
320,176,13,29
320,176,13,29
320,177,13,27
320,177,13,27
320,177,13,27
320,177,13,27
320,177,12,27
320,177,12,27
320,176,12,27
320,177,12,27
320,177,12,27
320,177,12,27
321,176,12,27
321,176,12,27
321,176,12,27
321,176,12,27
321,176,12,27
321,177,11,27
321,177,11,27
321,177,11,27
321,177,11,27
321,177,11,27
321,177,11,27
321,177,11,27
321,177,11,27
321,176,11,27
321,176,11,27
321,176,11,27
321,176,11,27
321,176,11,27
321,176,11,27
321,176,11,27
321,176,11,27
320,176,11,27
320,176,11,27
320,176,12,27
320,176,12,27
320,175,12,27
320,176,12,27
319,175,12,27
320,175,12,27
320,175,12,27
319,175,12,27
321,176,12,27
321,176,12,27
321,176,12,27
321,176,12,27
321,176,11,26
321,176,11,26
321,176,11,26
321,176,11,26
321,176,11,26
321,176,11,26
321,176,11,26
322,176,11,26
321,176,11,26
321,176,11,26
321,176,11,26
321,176,11,26
321,176,11,26
322,177,11,26
322,177,11,26
322,176,11,26
322,176,11,26
322,176,11,26
322,176,11,26
321,176,11,26
321,176,11,26
321,176,11,26
321,176,11,25
321,176,11,25
321,176,11,25
321,175,11,25
321,176,11,25
321,176,11,25
321,176,11,25
321,176,11,25
321,176,11,25
321,176,11,25
321,175,11,25
321,176,11,25
322,176,11,25
322,176,11,25
322,176,11,25
322,176,11,25
322,176,11,25
321,175,11,25
322,176,11,25
322,176,11,25
321,176,11,25
321,176,11,25
321,176,11,25
321,176,11,25
321,176,11,25
321,176,11,25
320,175,11,25
321,176,11,25
321,176,11,25
320,175,11,25
321,176,11,25
320,175,11,25
321,176,11,25
320,175,11,25
320,175,11,25
321,176,11,25
320,176,11,25
320,175,11,25
321,176,11,25
321,176,11,25
321,175,11,25
321,176,11,25
321,176,11,25
321,175,11,25
321,176,11,25
321,176,11,25
320,175,11,25
321,176,11,25
321,176,11,25
321,176,11,25
320,175,11,25
321,176,11,25
321,176,11,25
320,176,11,25
320,176,11,25
320,175,11,25
320,176,11,25
320,176,11,25
320,175,11,25
320,175,11,25
320,175,11,25
320,175,11,25
320,175,11,25
320,175,11,25
320,175,11,25
320,175,11,25
319,175,11,25
320,175,11,25
320,175,11,25
320,175,11,25
320,175,11,25
320,175,11,25
320,175,11,25
320,175,11,25
320,175,11,25
320,175,11,24
320,175,11,24
320,175,11,24
320,175,11,24
320,175,11,24
320,175,11,24
320,175,11,24
320,175,11,24
320,175,11,24
320,175,11,24
320,175,11,24
319,174,11,24
319,174,11,24
319,174,11,24
319,174,11,24
319,174,11,24
319,174,11,24
319,174,11,24
319,174,11,24
320,174,11,24
320,174,11,24
319,174,11,24
319,174,11,24
319,174,11,24
319,174,11,24
320,175,11,23
320,175,11,23
320,175,11,23
320,175,11,23
320,175,11,23
320,175,11,23
320,175,11,23
320,175,11,23
320,175,11,23
320,175,11,23
320,175,11,23
320,174,11,22
320,174,11,22
320,174,11,22
320,174,11,22
320,174,11,22
320,174,11,22
320,174,11,22
320,174,11,22
320,174,11,22
320,174,11,22
320,174,11,22
320,174,11,22
320,174,11,22
320,174,11,22
320,174,11,22
321,174,11,22
321,174,11,22
321,174,11,22
321,174,11,22
321,174,11,22
321,174,11,22
321,174,11,22
321,174,11,22
321,174,11,22
321,174,11,22
321,174,11,22
321,174,11,22
321,174,11,22
321,174,11,22
321,174,11,22
321,174,11,22
321,174,11,22
321,174,11,22
321,174,11,22
321,174,11,22
321,174,11,22
321,174,11,22
321,174,11,22
320,173,11,22
320,173,11,22
320,173,11,22
320,173,11,22
321,174,11,22
321,173,11,22
320,173,11,22
320,173,11,22
321,174,11,22
321,173,11,22
321,173,11,22
321,174,11,22
321,174,11,22
321,174,11,22
322,174,11,22
322,174,11,22
321,173,11,20
321,173,11,20
321,173,11,20
321,173,11,20
321,172,11,20
321,173,11,20
321,173,11,20
321,173,11,20
321,172,11,20
321,172,11,20
321,172,11,20
322,174,10,20
322,174,10,20
322,174,10,20
322,174,10,20
322,174,10,20
322,174,10,20
323,175,10,20
323,174,10,20
323,174,10,20
323,174,10,20
323,174,10,20
323,174,10,20
323,174,10,20
