1212,291,36,66
1209,291,36,66
1207,291,36,65
1204,291,36,65
1201,291,36,66
1198,291,36,66
1195,292,35,65
1192,292,35,65
1189,293,35,64
1186,293,35,64
1183,294,35,64
1180,294,35,64
1176,294,35,64
1173,293,35,65
1171,293,35,64
1168,293,35,64
1165,292,35,64
1163,293,35,64
1160,292,35,64
1158,292,35,64
1155,292,35,64
1153,293,34,63
1150,293,35,63
1147,294,34,62
1145,295,34,63
1142,295,35,64
1139,295,35,65
1135,295,35,64
1132,295,36,65
1128,294,36,65
1126,294,36,65
1123,294,36,66
1120,294,36,66
1117,294,35,65
1114,294,35,65
1112,294,36,65
1109,294,36,65
1105,295,36,65
1102,295,36,66
1099,296,36,67
1096,296,36,66
1093,297,36,65
1090,297,35,65
1086,297,36,65
1083,297,35,65
1080,297,35,65
1076,296,35,65
1074,296,35,65
1071,296,36,65
1068,296,35,65
1065,296,35,65
1062,296,35,65
1059,296,35,64
1057,297,35,65
1054,298,35,65
1051,298,35,65
1047,299,36,66
1044,300,35,65
1040,300,35,65
1037,300,35,64
1034,300,35,64
1032,300,35,64
1028,299,35,64
1026,299,35,65
1022,298,35,65
1019,297,36,66
1016,298,36,65
1013,298,35,65
1011,298,36,66
1008,299,35,65
1004,300,36,65
1001,301,35,65
998,301,35,64
995,302,35,64
991,302,35,64
988,302,35,64
985,302,35,65
981,301,35,64
978,301,35,65
975,300,35,65
972,300,35,65
970,300,36,66
966,299,36,66
963,299,36,66
961,300,36,66
958,301,35,65
955,301,35,65
952,303,35,64
949,304,35,64
947,304,35,64
944,304,36,65
939,303,36,66
936,302,36,66
932,301,36,67
929,301,36,66
926,301,36,66
922,301,36,66
919,300,36,66
917,302,35,64
912,302,34,63
910,303,35,63
905,303,33,61
906,302,33,60
901,303,33,60
899,301,31,64
896,301,31,64
892,302,31,64
889,303,31,64
885,304,31,64
882,304,31,64
879,303,31,64
876,304,31,64
874,304,31,63
870,304,31,63
867,304,31,63
865,304,31,63
861,304,31,64
858,304,31,64
854,304,31,63
850,305,31,63
848,305,31,63
843,304,31,63
841,305,30,62
841,305,30,61
836,305,30,61
832,305,30,61
829,305,30,61
826,304,31,62
824,304,31,62
821,304,31,62
818,304,31,62
816,305,31,62
812,305,31,62
810,307,30,61
806,308,30,60
802,308,30,59
800,309,30,59
795,308,30,60
793,307,30,61
789,306,31,62
786,305,31,62
784,305,31,62
780,306,31,60
777,306,31,60
775,306,31,60
772,307,31,60
769,308,31,60
766,308,30,59
763,309,30,58
760,309,30,59
756,310,30,59
753,310,30,58
749,309,29,58
744,309,30,60
740,309,30,60
738,308,31,60
734,307,31,60
730,306,31,61
728,307,30,60
725,307,30,59
722,307,30,59
719,308,30,58
717,309,30,58
714,309,29,59
712,309,29,58
710,310,28,58
704,310,28,58
702,310,29,58
698,310,29,59
695,310,29,59
691,309,29,59
688,309,29,59
686,308,29,59
683,307,31,61
681,308,32,61
677,307,32,63
675,308,33,63
672,308,33,64
670,308,33,61
665,308,34,62
662,308,34,63
658,309,34,62
656,308,33,64
653,308,33,63
651,309,32,62
648,309,32,62
644,308,32,62
641,308,33,63
639,308,33,63
635,308,32,62
632,308,32,63
629,309,31,61
625,309,31,60
622,310,31,61
619,310,32,61
615,311,31,60
612,311,31,60
609,311,31,60
606,311,31,61
603,311,31,60
600,310,32,61
597,310,32,62
594,309,32,63
591,308,32,63
589,309,32,62
584,308,32,62
581,309,32,63
577,309,33,63
575,310,33,63
571,312,32,62
566,312,31,61
562,313,31,60
559,313,31,60
555,313,31,59
551,313,31,60
546,314,30,61
542,314,30,61
538,313,31,62
534,313,31,63
529,312,31,64
525,312,31,64
520,312,31,64
509,312,31,64
504,313,31,64
495,314,31,63
487,314,31,63
478,314,31,62
469,315,30,62
461,315,31,63
451,315,31,63
442,314,31,63
434,314,31,63
427,315,31,64
420,315,31,64
413,315,31,64
407,315,31,63
401,315,31,63
396,314,31,63
392,314,31,64
389,315,31,63
385,317,31,63
378,318,34,62
378,319,30,59
374,319,30,58
372,319,30,58
369,320,30,57
366,320,30,58
363,320,30,58
360,320,30,57
359,319,30,58
356,319,31,59
354,318,31,58
353,318,31,58
351,319,31,58
350,319,32,59
349,319,31,59
347,319,32,60
346,319,32,60
344,319,35,60
343,319,36,60
342,320,35,60
341,320,35,59
338,319,38,60
338,320,37,59
336,320,37,59
335,320,37,59
334,320,37,59
334,321,36,58
333,322,36,57
331,321,36,57
329,321,36,57
328,320,36,58
326,320,36,57
324,320,37,58
323,320,37,59
322,320,37,59
320,319,38,60
319,319,38,60
321,321,38,58
320,320,38,57
320,320,38,57
319,320,38,58
320,319,39,58
320,318,39,59
322,318,39,59
322,319,38,58
322,319,39,59
321,319,39,59
320,319,39,59
320,320,38,58
319,320,38,57
318,321,38,57
317,321,38,57
317,320,38,58
316,320,38,58
316,319,39,60
316,318,39,61
315,318,39,61
314,317,39,61
311,316,39,61
309,316,39,60
307,315,39,60
306,316,38,60
305,317,37,60
303,317,37,61
302,318,36,60
299,319,36,59
296,319,36,59
294,318,36,57
292,318,33,61
291,318,33,61
289,317,33,61
287,317,33,61
284,316,34,62
281,314,34,63
279,314,34,64
277,314,35,64
274,315,34,64
272,315,34,64
270,316,34,63
268,317,34,63
265,317,34,64
262,317,34,62
260,317,33,62
257,317,34,64
254,317,34,63
252,316,34,63
249,316,34,63
247,316,34,64
244,315,35,64
243,314,35,64
240,314,35,64
238,314,35,65
236,314,35,65
234,315,35,65
228,315,38,65
227,316,38,64
226,317,37,63
224,316,38,64
223,317,38,65
220,316,38,66
217,316,38,66
215,316,38,65
213,315,38,65
211,315,38,65
209,314,39,66
207,313,40,68
205,313,40,68
203,315,39,67
201,315,39,67
198,316,39,67
196,316,39,67
194,317,39,66
192,317,39,66
189,317,38,66
186,317,38,65
184,316,38,65
183,316,37,64
179,316,38,66
177,315,38,66
176,314,39,67
174,314,39,68
172,313,39,68
170,313,39,68
168,314,39,68
166,314,39,68
165,314,40,69
164,316,38,66
162,316,38,66
161,316,38,66
159,317,37,65
157,317,38,65
155,316,38,66
154,315,38,66
153,314,39,67
151,313,39,68
150,313,39,67
148,313,39,67
147,314,39,68
145,314,39,68
144,314,39,67
142,315,39,67
141,315,39,67
139,316,39,67
137,316,38,67
135,316,38,67
133,316,38,67
131,315,38,66
130,315,38,67
128,314,39,67
127,314,39,67
125,313,39,68
124,312,39,68
123,313,39,69
121,313,39,67
121,313,39,67
120,314,38,67
119,314,38,66
118,315,38,65
118,315,37,65
117,316,37,65
117,316,37,65
116,315,38,65
116,315,38,66
115,314,38,66
114,313,38,67
112,312,38,67
112,312,38,66
111,312,39,67
109,312,39,71
109,312,39,71
108,313,38,69
107,314,37,67
106,314,37,67
106,315,37,67
105,315,37,67
103,315,36,66
102,315,36,65
102,315,36,65
100,314,37,66
99,313,37,68
98,313,37,67
98,313,37,67
97,312,37,67
97,312,37,67
97,312,37,67
96,312,37,67
97,313,37,67
97,314,36,66
97,314,36,66
95,315,39,67
95,315,39,67
95,314,40,68
95,314,40,68
94,314,41,69
94,313,41,70
94,313,41,69
94,312,41,70
93,311,41,71
93,312,41,71
92,311,41,71
91,312,42,71
91,313,41,70
90,314,41,69
90,314,40,69
88,314,40,69
87,314,40,69
85,314,41,69
84,313,41,70
83,312,41,69
82,312,41,70
81,311,41,69
80,311,41,70
79,310,42,71
79,310,41,71
78,310,42,72
77,310,42,72
77,311,42,72
77,311,42,71
77,312,41,70
76,312,41,69
77,313,40,69
77,313,40,69
77,313,40,69
76,313,40,69
76,312,41,70
75,311,41,70
75,310,42,71
74,310,42,72
73,309,43,73
73,309,43,73
72,309,43,73
71,310,42,72
71,310,42,71
70,311,42,72
69,312,42,71
69,312,41,70
68,312,41,70
66,312,41,70
66,312,40,69
65,311,40,69
64,311,41,70
63,311,41,69
63,310,41,70
62,310,41,70
62,310,41,71
61,309,43,73
60,309,43,73
61,310,43,73
60,310,42,72
60,311,42,72
61,312,42,71
61,311,41,71
61,312,41,71
61,312,41,71
61,312,41,71
62,311,42,71
61,311,42,72
60,310,42,73
60,309,43,73
60,309,43,74
59,309,43,73
58,309,42,72
58,309,43,73
58,310,42,73
57,310,43,73
56,311,42,72
55,311,42,72
54,311,42,72
53,311,42,71
52,311,42,71
51,311,41,70
50,311,41,70
50,310,41,70
49,310,41,70
49,309,41,70
48,308,41,71
48,308,42,71
47,308,42,72
47,309,42,72
46,309,42,71
47,309,42,71
47,310,42,71
47,310,42,72
46,310,41,71
47,310,42,71
47,310,42,71
46,310,42,71
46,309,41,71
46,308,42,71
46,308,41,71
46,307,42,71
45,307,42,71
44,307,42,72
44,307,42,72
42,307,42,74
42,307,42,74
41,308,42,73
41,308,42,73
40,309,41,73
40,309,42,74
39,309,42,73
38,309,41,73
37,308,43,76
36,308,42,74
36,307,43,75
35,307,43,75
35,307,43,75
34,307,43,75
35,307,43,75
34,307,43,75
33,307,43,76
33,308,43,75
33,309,42,74
33,309,43,75
32,309,42,75
32,309,43,75
32,309,43,75
31,309,43,76
30,308,43,76
30,308,43,76
30,308,43,76
29,307,43,75
29,307,43,76
28,306,43,75
27,306,43,76
26,307,43,75
25,307,43,75
24,307,42,75
23,308,42,74
21,308,43,75
21,309,43,75
19,308,43,76
18,308,43,76
17,307,44,77
16,307,44,77
15,306,44,78
14,305,44,78
13,305,44,78
13,304,44,78
13,305,44,77
13,305,44,77
13,305,44,78
12,305,44,77
12,306,43,77
12,306,44,77
12,307,44,77
13,307,44,77
13,306,44,77
12,306,44,78
12,305,44,78
12,304,44,78
12,304,45,79
11,303,45,79
11,303,45,78
10,302,45,79
10,302,45,79
9,302,45,79
9,303,44,78
8,304,44,78
7,305,44,78
5,305,44,78
4,305,44,78
2,304,45,78
1,304,45,79
0,304,44,78
0,304,44,78
0,303,44,78
0,302,44,78
0,302,45,79
0,301,45,80
0,301,45,79
1,301,42,80
0,301,45,80
1,302,41,79
