200,287,30,73
200,287,30,72
200,288,30,72
200,288,30,73
200,287,30,73
200,287,30,72
200,288,29,71
200,288,30,72
200,287,30,73
200,288,30,73
200,287,30,73
200,288,29,72
200,288,29,71
200,288,29,71
200,288,30,72
200,288,30,72
200,287,30,73
200,288,30,73
200,288,30,73
200,288,30,73
200,288,30,73
200,288,30,73
200,287,30,73
200,287,30,72
200,287,30,73
200,287,30,72
200,287,30,72
200,287,30,72
200,287,30,72
200,287,30,72
201,287,30,72
200,287,30,72
200,287,29,72
199,286,30,72
200,286,30,73
200,286,30,73
201,286,30,73
200,285,30,73
200,285,30,72
200,285,30,72
201,285,30,72
200,285,30,72
201,285,30,72
201,284,30,72
201,284,30,72
202,283,29,72
202,283,30,73
202,283,30,72
201,283,30,72
201,283,30,72
200,283,30,72
200,283,30,72
200,283,30,73
200,283,30,73
200,283,30,73
200,283,30,73
200,283,30,73
200,282,30,74
199,282,31,74
199,282,30,74
199,283,30,74
199,283,30,73
199,283,30,73
199,283,30,73
199,283,30,73
199,283,30,73
199,283,30,73
199,283,30,74
199,283,30,73
199,283,30,73
199,283,30,73
199,283,30,73
199,283,30,73
199,283,30,72
199,283,30,72
199,283,30,72
199,283,30,73
198,283,30,73
198,283,30,73
198,283,30,74
197,283,30,73
197,283,30,73
197,282,30,73
197,282,30,73
198,283,30,73
198,283,30,73
198,282,30,73
198,282,30,73
198,282,30,72
198,283,29,72
198,283,30,72
198,283,30,73
198,283,30,73
198,283,30,73
198,283,30,72
198,283,30,72
198,283,30,73
197,283,30,73
197,283,30,73
197,283,30,73
197,283,30,73
197,282,30,73
197,282,30,73
196,282,30,73
196,282,30,73
196,282,30,73
196,282,30,73
196,283,30,73
196,282,30,72
197,283,29,72
197,283,29,71
197,283,29,71
197,283,30,73
197,282,30,73
197,282,30,73
197,282,30,73
197,282,30,73
197,282,30,73
198,282,30,73
198,282,30,73
198,283,30,73
198,283,30,73
197,282,30,73
198,283,30,73
198,283,30,74
198,283,30,73
198,283,30,73
198,283,30,73
198,283,30,74
198,282,30,74
197,283,30,73
197,283,30,73
197,283,30,73
197,283,30,74
197,282,30,74
198,282,30,73
198,283,30,73
199,282,30,74
199,282,30,74
198,282,30,74
198,282,30,74
198,282,30,74
198,282,30,74
198,282,31,74
197,283,30,74
195,282,30,74
193,281,30,74
193,280,30,73
196,282,30,74
197,283,30,74
196,284,30,74
198,282,29,74
197,281,29,74
196,280,29,74
198,281,29,74
199,282,29,74
199,282,29,74
199,280,29,74
199,280,29,74
199,281,29,73
198,282,29,73
200,281,29,73
201,281,29,72
202,281,29,73
201,281,29,74
201,281,29,73
201,281,29,72
202,281,29,73
202,282,28,72
201,281,29,72
201,281,29,74
200,280,29,74
201,280,29,73
203,281,29,72
204,284,28,70
204,283,28,70
205,283,28,71
206,283,28,71
206,283,28,70
206,284,28,72
205,284,29,73
203,284,29,73
203,285,29,73
203,283,29,74
207,283,29,75
210,283,30,75
210,283,30,75
211,282,30,75
211,282,30,73
211,282,30,74
212,283,29,73
213,283,29,75
214,282,29,76
216,282,28,75
216,282,29,77
217,282,29,77
218,283,28,76
218,283,28,76
218,282,28,76
219,282,28,76
221,284,28,73
222,284,28,73
222,284,28,73
223,283,28,74
223,283,28,74
224,283,28,74
225,283,28,74
225,283,28,75
226,283,28,75
228,282,28,75
228,283,28,75
230,283,29,72
230,283,29,72
231,283,29,72
232,282,29,73
232,282,29,73
233,282,29,73
234,282,29,74
234,282,29,74
234,282,29,74
235,282,29,74
235,282,29,74
237,282,29,74
237,282,29,74
237,282,29,74
237,282,29,74
237,282,29,75
239,281,29,75
239,281,29,75
242,281,29,75
242,281,29,75
242,281,29,75
244,281,29,76
244,281,29,76
244,281,29,76
247,282,29,76
251,284,27,71
250,285,27,70
250,285,27,70
250,286,27,69
252,286,27,70
252,286,27,70
251,286,27,70
251,286,27,70
252,286,27,70
253,286,27,70
252,286,27,70
252,286,27,70
253,286,27,70
254,287,27,70
254,286,27,70
254,286,27,70
255,287,27,70
254,286,27,70
253,286,27,70
254,287,26,69
255,287,27,70
255,286,27,70
255,287,27,71
255,286,27,71
254,285,28,72
255,285,28,72
255,285,28,72
256,285,28,72
256,285,28,73
256,284,28,73
257,284,28,73
256,284,28,74
257,284,28,73
257,284,28,73
257,283,28,74
256,283,28,74
256,283,28,74
257,283,28,74
258,283,28,74
258,283,28,74
257,283,28,74
258,283,28,74
258,284,28,74
258,283,28,74
259,284,28,74
258,283,28,73
258,284,28,73
258,284,28,73
258,283,28,74
257,283,28,74
257,283,28,74
258,284,28,73
257,283,28,73
258,284,28,73
257,283,28,74
256,283,28,74
256,283,28,74
257,284,28,74
257,284,28,73
257,284,28,74
257,284,28,73
258,284,28,73
259,285,28,73
258,284,28,73
259,284,28,73
259,284,28,73
258,283,28,74
259,283,28,74
260,284,28,74
260,285,28,73
259,284,28,73
259,284,28,74
259,285,28,74
259,285,28,73
258,285,28,74
258,284,28,74
258,285,28,73
259,285,28,73
259,285,28,73
259,285,28,73
259,285,28,73
259,286,28,73
259,285,28,73
259,285,28,74
258,284,28,74
258,285,28,74
258,285,28,73
258,285,28,74
257,284,28,74
258,285,28,73
257,285,28,73
256,285,28,73
256,285,28,73
255,285,28,73
252,286,28,75
251,286,28,75
251,286,28,75
249,286,28,75
249,286,28,75
248,286,28,75
248,286,28,75
247,287,28,75
247,286,28,75
246,286,28,75
246,286,28,75
246,286,28,75
246,286,27,74
247,286,28,75
246,286,27,74
247,287,27,74
247,287,27,73
247,286,27,73
247,286,27,73
246,286,27,73
246,286,27,73
242,285,30,74
241,285,30,73
240,285,30,73
240,285,30,73
240,286,32,73
239,285,32,73
239,285,32,74
238,285,32,73
238,285,32,73
238,285,32,73
237,285,32,74
236,285,32,73
235,285,32,74
234,285,32,73
234,285,32,73
233,285,32,73
233,285,32,73
232,285,32,73
232,285,32,73
232,285,32,74
231,285,32,74
230,286,30,71
230,287,30,70
230,287,30,71
229,287,30,71
226,287,30,71
226,287,30,71
226,288,30,71
222,287,30,70
219,287,30,70
218,287,30,70
217,287,30,71
217,287,30,71
215,285,30,72
212,285,30,72
212,285,30,73
211,285,30,73
208,283,30,72
208,283,30,73
207,283,31,73
205,282,31,74
203,283,31,74
202,283,31,74
202,283,31,75
199,284,31,75
198,284,31,75
198,284,31,75
196,284,31,75
193,284,31,75
193,284,31,74
193,285,31,74
193,285,30,74
189,285,30,73
189,285,30,72
188,285,30,72
187,285,30,73
186,284,30,74
186,284,31,75
184,284,30,74
183,284,30,74
183,284,30,74
182,283,31,75
180,283,31,75
179,283,31,74
178,282,30,74
178,282,30,73
178,283,29,72
177,283,30,73
177,283,30,74
172,284,31,74
172,284,31,74
172,284,31,74
170,284,31,74
169,284,31,74
170,284,31,74
169,284,31,74
168,283,31,74
166,283,31,74
165,284,32,75
161,283,28,75
160,282,29,75
159,282,29,76
158,282,29,76
158,282,29,76
158,282,27,76
158,282,27,76
157,282,27,76
157,282,27,76
155,281,27,77
155,281,27,77
155,281,27,77
154,281,27,77
154,281,27,77
153,281,27,76
153,281,27,76
151,281,27,76
152,282,26,75
150,282,27,76
149,281,27,77
148,282,27,77
147,282,27,76
147,282,27,76
145,282,26,75
145,281,26,75
145,282,26,75
144,282,26,75
143,281,27,76
143,282,27,76
142,281,27,77
141,280,27,77
141,281,27,77
140,281,27,77
139,281,27,78
139,281,28,78
139,279,28,79
138,280,27,77
139,280,27,78
134,280,27,78
134,280,27,78
133,280,27,79
132,280,27,78
132,280,27,79
130,282,28,74
129,282,28,74
128,281,28,74
127,282,28,75
126,281,28,75
125,281,28,75
124,280,29,77
122,280,29,77
121,280,29,76
120,280,29,76
118,279,29,76
118,280,28,75
118,280,28,75
117,281,28,74
116,281,28,74
116,281,28,74
115,281,28,74
114,282,28,74
112,281,28,74
110,282,28,74
110,283,28,74
110,282,28,74
108,283,28,73
108,283,27,73
108,284,27,73
104,281,28,73
103,281,28,74
103,280,28,74
102,280,28,74
98,280,28,73
97,280,28,74
96,279,29,74
92,284,29,71
91,284,29,71
89,285,29,71
88,284,29,72
87,283,30,73
86,283,30,74
84,283,31,75
83,282,30,75
82,282,31,76
81,283,31,75
78,283,31,75
76,284,30,74
75,284,30,73
74,284,29,72
74,285,29,71
72,285,29,71
70,285,29,71
69,284,29,71
69,284,29,71
68,284,29,70
67,285,29,70
66,285,29,70
65,285,29,70
64,286,29,70
62,286,29,71
60,285,29,71
58,285,29,71
57,285,29,72
56,284,29,72
54,283,30,73
53,282,30,73
52,282,30,73
50,282,30,73
48,282,30,73
46,281,30,74
45,281,30,73
44,281,30,73
43,282,30,72
41,282,29,72
41,282,29,72
40,282,29,72
38,283,29,71
37,282,29,71
37,282,30,71
35,282,30,71
33,282,31,72
32,282,31,72
30,282,31,72
29,281,31,73
28,281,32,74
26,280,32,75
25,280,32,75
22,280,32,75
21,280,32,76
19,280,32,75
18,280,32,75
15,280,32,74
14,280,32,75
14,281,31,72
13,281,31,73
11,282,31,72
10,282,31,72
8,282,30,71
8,282,30,71
5,282,31,70
