281,221,81,171
282,222,80,169
283,225,79,168
283,225,80,168
284,225,79,168
288,224,74,170
292,224,70,170
295,224,68,169
296,222,68,172
298,219,64,171
299,219,64,170
299,218,64,171
300,218,64,172
301,218,64,171
303,219,64,168
304,220,64,167
303,220,64,167
305,220,64,167
306,221,63,166
307,221,63,162
309,220,64,166
310,219,64,163
311,218,64,162
312,217,64,163
306,217,69,165
308,218,69,164
308,218,70,165
308,218,70,166
303,220,76,161
303,221,79,160
302,220,80,162
303,221,79,161
303,221,79,159
304,218,77,159
303,217,77,159
304,217,75,158
305,217,74,157
307,218,71,156
306,217,71,155
306,217,71,155
306,216,71,155
306,215,70,154
306,215,70,153
307,216,70,153
307,216,70,153
307,217,70,153
307,218,70,153
307,218,69,152
308,218,69,151
308,219,68,149
308,219,68,148
309,218,68,148
309,218,68,148
308,217,68,147
309,217,68,147
308,216,67,144
309,217,64,143
308,215,67,145
309,216,63,142
309,216,64,144
309,216,64,144
309,216,64,144
308,217,63,142
309,218,63,141
309,218,63,141
308,219,62,140
308,219,62,139
307,219,61,138
307,219,61,137
306,218,62,139
305,217,62,139
304,217,62,140
303,215,63,143
303,216,63,141
304,217,62,135
303,216,62,136
304,218,62,134
304,218,61,133
303,219,61,132
303,219,60,132
303,220,59,129
303,220,59,130
303,220,59,128
303,220,59,128
302,220,59,129
302,219,60,130
302,219,59,129
301,219,59,129
301,218,60,130
301,217,59,130
301,218,59,128
301,218,59,129
301,219,58,127
301,219,58,127
301,219,55,127
301,220,54,125
300,220,55,126
300,220,54,124
299,220,55,126
298,220,55,126
298,220,54,125
296,218,55,123
296,218,54,121
295,218,54,120
295,218,54,120
294,217,53,119
294,217,53,118
294,218,52,116
294,218,51,115
294,218,51,114
294,219,51,114
295,219,51,113
295,220,50,112
295,220,50,111
295,220,50,111
295,220,50,113
295,220,50,112
295,219,51,113
295,219,51,113
294,218,51,113
295,218,51,113
296,218,51,113
295,218,50,112
295,218,50,113
295,218,50,112
295,219,50,112
295,219,50,111
295,219,50,111
294,220,50,111
294,220,50,111
293,220,50,112
293,219,50,112
293,219,50,112
293,219,50,112
292,218,50,112
292,218,50,111
292,217,50,111
292,218,49,110
292,217,49,109
292,218,48,108
292,218,48,107
293,219,48,106
292,220,47,105
292,220,47,106
292,220,47,106
292,220,47,104
293,220,46,104
293,220,46,104
293,219,47,106
293,219,47,106
294,219,47,106
294,218,47,106
294,218,47,105
294,217,47,105
294,218,47,105
294,218,46,103
295,218,46,104
294,218,46,103
294,219,46,102
294,219,46,102
294,220,46,102
294,220,46,102
293,220,46,102
293,220,46,102
293,219,46,102
293,219,46,102
292,218,46,102
292,218,45,102
292,217,45,101
292,218,45,101
292,217,45,100
292,218,45,100
292,218,44,99
292,218,44,98
294,219,43,97
294,219,43,97
294,219,44,97
294,220,43,97
294,220,43,97
294,220,43,97
294,220,43,97
294,220,43,97
294,220,43,96
295,220,42,96
295,219,43,96
295,219,43,96
295,219,43,96
295,219,43,97
295,219,43,98
295,219,43,98
294,219,43,97
294,220,42,96
294,220,42,95
294,221,42,94
294,220,42,95
294,221,42,94
294,220,42,94
294,220,42,94
293,219,42,95
293,219,42,95
293,219,42,94
292,219,42,94
292,219,42,94
293,219,42,94
292,219,41,93
293,219,41,93
293,220,41,93
292,220,41,92
292,220,40,91
293,221,40,91
293,221,40,90
293,220,40,91
293,221,40,91
293,220,40,91
293,220,40,91
293,220,40,91
293,219,40,91
294,219,41,92
294,219,41,92
293,219,41,91
294,218,40,91
294,219,40,91
294,219,40,91
294,219,40,91
294,219,40,91
294,220,40,90
294,220,40,90
294,220,40,90
294,220,40,90
294,219,40,91
293,219,40,90
294,219,40,90
294,219,39,89
294,219,40,89
293,218,40,89
293,218,39,89
293,218,40,89
293,218,39,89
293,219,39,88
293,219,39,88
293,220,39,87
293,220,39,87
293,220,39,87
293,220,39,88
293,220,39,88
293,219,39,88
293,219,39,88
294,220,39,87
294,219,39,88
293,219,39,87
293,218,39,87
293,218,39,87
293,218,39,88
294,219,39,87
294,219,39,87
294,219,39,87
292,218,39,85
292,218,39,86
292,218,39,86
292,218,39,86
292,218,39,85
292,218,39,84
291,218,39,85
291,218,39,85
291,218,39,86
291,218,39,85
291,218,39,86
290,217,39,85
290,218,39,85
290,217,39,85
290,218,38,84
290,218,39,84
290,218,39,84
290,219,38,84
290,218,38,83
290,219,38,83
290,219,38,83
290,219,38,83
290,218,38,84
290,218,38,84
290,218,38,83
290,218,38,84
290,218,38,84
290,218,38,83
290,217,38,83
290,217,38,84
290,217,38,84
290,218,38,83
290,218,38,83
290,218,38,82
290,218,38,83
290,218,38,83
290,218,38,83
290,218,38,83
289,218,38,83
290,218,38,83
289,217,38,83
289,217,38,83
289,217,38,83
289,216,38,81
289,216,38,81
288,216,38,80
289,217,37,79
289,217,37,79
289,217,37,79
289,217,37,79
290,217,37,79
290,217,37,78
290,218,36,77
291,218,36,77
290,218,36,77
290,218,36,77
291,217,36,78
290,217,37,78
290,217,37,79
290,216,37,78
291,216,37,79
290,216,37,78
291,216,37,79
291,216,37,78
291,217,36,77
292,217,36,77
291,217,36,76
291,217,36,76
291,218,35,75
291,218,35,75
291,217,35,76
291,217,36,77
291,217,36,77
291,217,36,77
290,216,36,77
291,216,37,78
290,216,37,78
290,216,37,78
290,215,37,78
290,216,37,78
290,216,37,78
290,216,37,78
291,216,37,78
291,216,36,77
291,217,36,77
292,217,36,77
292,217,36,77
292,217,36,77
292,217,36,77
292,216,35,75
292,216,35,75
292,216,35,74
292,216,35,74
292,216,34,73
293,216,34,74
292,216,34,74
292,216,34,73
293,217,34,73
293,217,34,73
293,217,34,72
292,217,34,73
292,217,34,74
292,217,34,73
292,217,35,74
292,216,35,75
292,216,35,72
292,216,34,71
292,215,35,71
292,216,34,71
291,216,35,71
291,216,35,71
291,216,35,71
291,215,35,71
292,216,34,70
292,215,34,70
292,216,34,69
294,217,33,68
294,217,33,68
295,217,33,68
295,217,33,68
295,217,33,68
295,217,33,68
295,217,33,68
295,216,33,68
296,216,33,68
295,216,34,69
295,216,34,69
296,216,34,69
295,216,33,69
295,216,33,68
295,217,33,68
295,217,33,68
295,217,33,68
295,216,33,68
295,217,33,67
295,217,33,67
295,216,33,67
295,216,33,67
295,216,33,67
295,215,33,67
295,215,33,68
295,216,33,68
295,216,33,68
294,216,33,68
295,216,33,68
295,216,33,68
295,216,33,68
295,216,33,68
295,216,33,68
295,216,33,67
295,216,33,67
295,216,32,67
296,217,32,67
295,216,32,67
295,216,32,67
296,216,33,67
296,216,33,67
296,216,33,67
297,215,30,65
296,214,30,65
297,215,30,65
297,215,29,65
297,214,29,65
297,214,30,65
297,215,30,66
297,215,30,66
297,215,30,66
296,214,30,67
297,214,31,68
296,215,31,69
295,215,31,68
295,215,31,68
294,214,31,68
295,214,30,67
294,214,31,68
293,215,31,68
295,215,31,68
296,215,30,67
295,215,29,64
295,215,29,63
296,214,28,63
296,215,28,62
296,215,28,62
296,214,28,62
296,214,28,63
296,215,28,63
297,215,29,63
296,214,29,63
296,214,29,64
296,214,29,64
296,214,29,64
296,214,29,64
296,214,29,63
296,214,29,64
296,214,29,65
296,214,29,65
296,214,29,64
296,214,29,64
296,214,29,64
297,215,29,64
297,214,29,63
297,215,29,63
296,214,29,64
296,214,29,65
296,214,29,65
296,214,29,65
296,214,29,64
296,214,29,65
296,214,29,64
296,214,29,63
296,214,29,63
297,214,29,63
297,214,28,62
297,214,28,61
297,215,28,61
297,215,28,61
297,215,28,61
298,215,28,61
298,214,28,62
298,214,28,62
300,214,27,61
300,214,27,61
300,214,27,61
300,214,27,61
300,213,27,62
300,214,27,61
300,214,27,61
300,214,27,61
300,214,27,61
300,214,27,61
300,214,27,61
300,214,27,61
300,214,27,61
300,214,27,60
300,214,27,60
299,214,27,60
299,214,27,60
299,214,27,60
299,214,27,60
299,214,27,60
299,214,27,60
299,214,27,60
300,214,27,60
300,214,26,60
300,214,27,61
300,214,27,60
301,214,27,60
301,214,27,60
301,214,27,60
302,214,27,60
302,214,27,61
302,214,27,61
302,215,27,60
302,214,26,60
302,214,26,60
303,214,26,60
302,213,26,59
303,214,26,59
303,214,26,59
303,213,26,59
303,213,26,59
303,213,26,58
303,213,26,59
304,214,26,59
304,214,26,58
304,214,27,58
305,214,27,58
304,214,28,58
304,214,28,58
305,214,28,58
304,214,28,59
305,214,28,58
305,214,28,59
304,213,28,60
305,213,28,59
305,213,28,59
305,213,28,59
305,213,28,59
304,212,28,59
303,213,28,59
303,213,28,60
303,213,28,59
303,213,28,59
303,213,28,59
303,213,28,59
302,212,28,60
303,213,28,59
302,212,28,59
302,213,28,60
302,212,28,60
302,212,28,60
302,212,28,60
302,212,28,59
302,213,28,59
302,213,28,59
302,212,28,60
302,212,28,60
302,212,28,60
302,212,28,59
303,213,28,59
302,213,28,59
302,212,28,59
303,213,28,59
303,213,28,59
303,213,28,60
302,212,28,59
303,213,28,59
302,212,28,59
303,213,28,59
302,213,28,59
303,213,28,59
303,213,28,59
303,213,28,59
303,213,28,59
302,213,28,59
302,212,28,59
302,212,28,59
302,213,28,59
302,212,29,59
302,212,32,59
303,213,30,59
302,212,33,59
303,213,29,59
302,212,32,59
303,213,32,59
303,213,33,59
302,212,35,59
303,213,34,59
303,213,33,59
303,213,34,59
303,213,33,59
303,213,33,59
303,213,32,59
303,212,30,60
303,213,28,59
303,214,28,59
303,214,28,59
304,214,24,59
302,214,24,59
302,214,24,59
302,214,24,59
302,214,24,59
302,214,24,59
303,214,24,59
302,213,24,59
303,213,24,60
302,213,24,59
303,213,24,59
303,214,24,59
303,213,24,59
303,213,24,59
303,213,24,59
303,213,24,59
304,213,24,59
304,213,24,59
303,213,24,59
304,214,24,59
304,214,24,58
304,214,24,58
304,214,24,58
304,214,24,58
304,214,24,58
304,215,24,58
303,214,23,58
304,214,24,58
304,214,24,58
304,214,24,58
303,213,24,58
303,213,24,58
304,213,24,58
305,214,24,58
305,214,24,58
305,214,24,58
305,214,24,58
306,214,24,58
306,214,24,58
307,214,24,58
307,214,23,58
307,214,23,57
307,214,23,57
307,214,23,57
308,214,23,56
308,214,23,57
309,214,23,57
309,214,23,56
309,214,23,56
309,214,23,56
310,214,23,57
310,213,24,58
309,213,24,59
310,213,24,58
309,213,23,58
309,213,23,57
310,214,23,57
309,214,23,57
309,214,23,57
309,214,23,57
308,214,23,57
308,214,23,56
309,214,23,53
309,215,22,52
309,215,22,51
309,214,22,52
309,214,23,52
309,214,23,53
308,214,23,54
308,214,23,53
308,214,23,53
309,214,23,53
309,214,23,53
309,214,23,53
309,214,23,54
309,214,23,54
309,214,23,53
309,213,23,53
309,214,23,53
309,213,23,53
309,213,23,53
309,213,23,53
309,213,23,54
309,213,23,53
309,213,23,53
309,213,23,54
309,213,23,53
309,213,23,53
309,213,23,53
309,213,23,52
309,214,22,52
309,214,23,52
309,213,23,52
309,214,23,52
309,214,23,52
308,213,23,52
308,213,23,52
308,213,23,52
308,213,23,52
308,213,23,52
307,213,23,53
307,213,23,53
307,213,23,53
307,213,23,53
307,213,23,53
307,213,23,53
307,213,23,53
307,213,23,53
307,213,23,52
307,213,23,52
307,213,22,52
307,213,23,52
306,213,23,52
306,213,22,52
307,213,23,52
306,213,22,52
306,212,22,52
306,213,23,52
306,213,23,52
306,213,23,53
306,212,23,53
306,212,23,53
306,212,23,53
306,212,23,52
305,213,23,52
305,213,23,52
305,213,23,52
305,213,23,52
305,213,23,52
305,212,23,52
305,213,23,52
305,212,23,53
304,212,23,53
304,212,23,53
304,212,23,53
304,212,23,53
304,212,23,53
304,212,23,53
304,213,23,52
304,213,23,52
304,213,23,52
304,213,23,52
304,213,23,52
303,212,23,50
303,212,23,50
303,212,23,50
303,212,23,51
303,212,24,51
302,211,23,51
303,212,23,51
303,211,24,52
302,211,24,52
303,212,24,51
302,211,24,51
302,211,23,51
302,212,24,51
302,212,23,51
301,211,24,51
301,211,24,51
301,211,23,51
301,212,24,51
301,211,23,51
301,211,24,51
300,211,24,51
301,211,24,51
300,211,24,51
300,211,24,51
300,211,24,51
300,211,24,51
300,211,24,51
300,211,23,51
300,211,23,51
300,211,23,51
300,211,23,51
300,211,23,50
300,211,23,51
300,211,23,51
300,211,23,51
300,211,23,51
300,211,23,51
300,211,24,52
300,211,24,52
300,211,24,51
300,211,24,51
300,211,23,51
300,212,23,51
300,212,23,51
300,212,23,51
299,212,24,51
296,211,24,52
295,211,24,52
293,211,25,54
291,210,26,55
289,209,26,57
287,209,27,58
285,208,28,61
283,208,28,61
282,208,29,62
280,208,29,64
278,207,30,65
277,207,30,66
275,206,30,66
273,206,30,64
273,205,30,66
273,205,30,66
273,206,30,66
273,205,30,66
273,205,31,67
273,204,31,67
273,205,31,67
273,205,31,67
273,205,31,67
272,204,31,67
271,204,31,67
270,204,31,67
268,204,31,68
267,204,32,69
265,204,32,70
263,203,33,72
261,203,34,74
259,202,35,75
256,201,36,77
254,200,36,78
251,200,36,79
249,200,37,81
245,198,39,84
242,197,40,86
239,196,41,88
236,195,41,89
233,195,42,91
230,194,43,93
228,194,43,94
228,194,44,95
228,194,42,94
228,194,42,94
228,194,42,93
229,195,41,93
228,195,41,93
229,195,42,94
228,194,42,95
228,193,43,96
228,193,43,96
228,192,43,96
228,193,43,97
228,193,43,97
227,193,43,96
227,192,43,96
227,193,43,96
228,194,42,95
228,194,42,95
230,194,39,91
230,195,39,90
229,194,38,90
229,195,38,89
229,194,38,89
228,193,39,90
228,193,39,91
228,193,39,91
227,193,39,92
227,192,39,92
227,191,40,94
227,192,40,94
227,192,40,93
227,193,40,92
228,193,39,92
227,193,39,92
227,193,39,91
227,193,39,91
228,194,39,90
228,193,39,91
228,193,39,91
228,193,39,91
227,192,39,91
228,193,39,91
228,193,39,91
228,193,39,90
227,193,39,90
227,193,38,90
227,194,38,90
227,194,39,90
227,194,38,90
227,194,38,89
226,194,38,89
226,195,38,89
225,194,39,91
225,194,39,90
225,194,39,91
224,193,39,91
224,193,39,92
223,193,39,91
223,193,39,90
222,193,40,92
219,192,40,89
216,192,40,89
213,192,40,89
209,192,41,90
206,191,41,92
202,190,42,94
198,189,43,96
195,189,44,97
190,187,45,100
186,185,47,104
182,185,48,106
178,183,49,109
175,183,50,112
171,181,51,114
167,180,52,117
162,178,53,119
157,177,55,122
152,177,56,125
147,176,57,127
141,175,58,129
135,175,59,131
128,175,60,133
126,174,61,135
125,174,61,136
122,173,64,140
121,172,64,140
120,171,64,141
120,171,65,142
120,170,64,141
120,172,63,138
119,171,63,139
119,171,64,139
119,171,63,139
119,172,63,138
119,172,62,136
120,174,62,135
120,174,61,134
121,175,61,134
121,175,61,133
121,175,61,133
120,174,61,133
120,173,61,134
120,173,62,136
120,173,62,136
120,172,63,137
120,172,63,138
119,171,63,138
120,172,63,138
119,172,64,139
119,172,63,138
119,174,62,136
119,175,61,134
118,175,62,135
118,175,62,136
117,175,62,136
117,175,62,136
116,175,62,136
116,174,63,137
115,174,62,136
115,174,62,136
114,173,62,137
114,173,62,136
114,173,63,137
114,174,63,137
114,174,63,137
114,175,62,135
115,175,61,134
116,176,61,133
116,176,61,133
116,176,61,133
116,176,60,132
116,176,60,132
116,176,61,133
116,176,61,134
116,176,61,134
117,175,62,135
116,174,62,135
117,174,62,136
117,174,62,136
117,175,61,134
117,176,61,134
118,176,61,133
117,177,60,132
117,178,60,132
117,178,60,131
116,179,60,130
116,179,59,130
116,178,60,132
115,178,60,132
115,177,61,133
114,177,61,132
114,176,61,133
114,176,61,133
114,176,60,132
114,176,61,133
113,176,61,133
114,177,60,131
115,178,59,129
115,179,59,128
115,180,58,127
115,180,58,127
116,180,58,127
115,180,58,127
116,180,58,127
116,180,58,127
116,179,59,128
116,178,59,129
116,178,59,129
116,178,59,129
116,178,59,130
116,178,60,130
116,178,60,131
116,179,60,130
116,180,59,129
116,180,59,129
115,180,59,129
115,181,59,129
115,181,58,128
115,181,59,128
114,180,59,129
114,180,59,130
113,179,59,129
113,179,58,128
113,179,59,130
113,179,59,128
113,180,59,127
113,179,59,128
113,179,59,127
114,180,59,127
114,181,58,126
114,181,58,126
115,182,58,126
115,181,58,125
115,182,57,124
115,182,58,126
116,182,58,125
116,182,58,125
116,181,58,127
117,181,58,127
117,180,59,128
117,180,58,127
117,180,59,127
117,180,59,128
117,180,59,127
117,181,59,127
118,182,58,127
117,182,58,127
117,183,58,125
118,183,57,124
118,183,57,124
118,183,57,124
118,183,57,124
117,182,57,124
117,182,57,124
117,182,57,125
117,181,58,125
118,181,58,126
118,181,58,126
118,182,58,125
118,182,57,124
119,182,57,124
119,183,57,123
120,183,57,123
121,183,57,123
121,183,57,123
122,184,56,122
123,183,56,122
123,183,56,122
124,183,56,122
124,182,57,123
125,182,57,123
125,181,57,124
125,181,57,124
125,182,57,123
126,182,57,124
125,182,58,126
126,182,58,125
125,182,57,124
125,183,57,123
126,184,57,123
126,184,57,123
125,184,56,122
125,183,57,123
125,183,57,123
125,183,57,124
125,182,57,123
125,183,57,123
125,182,57,124
124,182,57,124
125,182,57,124
125,182,57,124
125,183,56,121
125,183,56,121
126,184,56,121
126,184,56,121
126,184,55,120
127,185,55,119
127,185,55,119
128,184,55,120
128,184,55,120
128,184,55,120
128,184,56,121
128,183,56,121
128,183,56,121
128,183,56,123
128,182,57,123
128,182,57,124
129,183,56,122
128,184,56,121
129,185,55,120
128,185,55,119
128,185,55,119
128,185,54,118
127,186,55,119
128,186,55,119
127,185,55,119
126,184,55,120
126,184,55,120
125,184,55,120
125,184,55,119
125,184,55,119
125,184,55,120
125,184,55,119
125,184,54,118
126,186,54,117
127,187,53,115
126,186,53,116
126,187,54,116
126,187,54,116
127,187,53,115
127,188,53,114
127,187,53,115
127,187,53,115
127,187,53,116
127,187,54,116
128,187,54,117
127,186,54,116
128,187,53,115
127,187,53,115
128,187,53,116
127,187,54,116
127,187,54,117
127,188,54,117
127,188,53,116
127,188,53,115
127,188,53,115
127,189,53,115
126,188,53,115
126,188,53,114
125,187,53,116
125,187,53,116
125,188,53,116
125,187,54,116
124,186,54,117
124,186,54,117
124,187,53,115
125,187,53,114
125,188,52,113
125,188,52,113
126,189,52,112
126,189,52,112
126,189,52,113
126,189,52,112
126,189,52,112
126,189,52,112
126,189,52,112
126,189,52,113
127,188,53,114
126,188,53,114
126,187,53,115
126,187,53,115
127,188,53,115
126,188,53,115
126,188,53,114
126,189,52,113
126,190,52,113
126,190,52,113
125,190,52,113
126,190,52,112
125,190,52,112
125,190,52,112
125,190,52,113
124,189,52,113
124,189,52,113
124,189,52,113
124,188,52,114
124,188,52,113
124,190,52,112
124,187,51,111
125,188,51,111
125,189,51,111
125,189,51,110
126,191,51,110
125,193,51,110
126,192,51,110
126,191,51,110
127,189,51,110
127,188,51,110
126,191,51,110
126,193,51,110
126,193,51,111
127,192,52,112
127,190,52,112
127,189,52,113
127,191,52,113
127,193,52,112
127,194,52,112
127,196,52,112
126,195,51,111
127,195,51,111
126,194,51,111
126,195,51,110
126,198,51,110
126,199,51,110
128,199,51,111
134,197,52,112
138,197,51,111
141,199,51,111
142,200,51,111
144,200,50,109
152,199,51,110
155,199,50,109
157,201,50,108
160,202,50,108
161,203,50,108
161,203,50,108
162,201,50,107
162,201,49,106
162,201,50,108
162,201,50,108
162,202,50,107
162,202,50,108
162,202,50,109
162,200,51,110
162,200,51,111
162,200,51,111
162,200,51,111
162,200,52,113
163,201,52,112
163,201,51,110
163,201,51,111
162,202,51,110
162,202,50,109
162,202,51,110
162,202,51,109
163,202,50,108
162,201,51,110
162,200,51,110
162,201,51,110
162,200,51,110
162,199,51,110
161,199,51,110
162,199,51,110
162,199,51,109
162,200,50,109
162,201,50,107
163,202,50,107
163,202,49,107
164,203,49,105
164,202,49,106
164,203,49,107
164,204,49,107
164,203,50,107
164,202,50,108
165,202,50,109
168,201,51,110
170,200,51,110
173,199,51,110
176,200,51,110
178,200,51,110
178,202,51,110
180,202,51,110
181,203,50,109
183,203,51,109
184,204,50,108
184,204,50,108
185,205,50,105
185,206,50,105
184,206,49,103
185,202,50,106
185,203,50,105
185,203,50,105
186,205,50,105
188,205,50,105
189,206,50,105
189,206,50,105
189,203,50,105
190,201,50,105
191,201,50,105
192,204,50,105
192,206,49,103
193,207,49,104
193,206,49,104
194,205,50,104
194,205,50,104
195,205,50,105
195,204,50,105
195,205,50,106
196,204,50,106
196,204,50,105
197,203,50,105
198,204,50,105
199,205,50,104
199,206,50,104
199,205,49,104
199,205,49,104
199,205,49,103
199,205,49,103
200,205,49,103
201,207,49,104
202,207,49,104
203,206,50,105
204,206,50,105
205,206,50,105
205,205,50,105
207,205,50,105
208,205,50,105
210,206,50,105
211,206,49,104
213,206,49,103
215,207,49,103
218,208,49,102
222,208,48,102
225,209,48,102
227,209,49,102
228,209,49,102
230,209,49,102
230,208,49,103
232,207,49,103
235,208,49,104
237,208,50,104
239,208,50,104
239,208,50,104
240,207,50,104
240,206,50,104
241,207,49,104
246,209,49,103
250,209,49,102
254,210,49,102
257,210,49,102
259,210,49,102
263,211,49,102
266,210,49,103
269,209,49,102
271,209,49,102
274,208,49,103
276,208,49,104
279,208,47,105
284,208,48,106
290,209,47,104
292,209,47,104
295,210,46,103
297,211,44,99
299,212,44,98
308,212,44,98
317,212,43,97
320,213,43,97
319,212,43,98
319,211,44,98
319,211,44,99
320,211,44,100
320,210,45,101
320,210,45,101
321,210,45,102
323,210,45,100
326,210,44,100
326,210,45,100
327,211,44,99
328,211,44,99
328,211,44,99
328,211,44,99
328,211,44,99
327,212,44,99
328,211,44,99
327,211,44,99
327,211,44,100
326,210,44,100
326,209,44,100
326,209,45,100
326,208,45,101
325,206,45,100
325,205,44,99
325,203,44,100
325,199,44,99
326,198,44,99
326,197,44,98
326,197,43,97
326,198,43,97
326,199,43,96
326,200,43,96
326,200,43,96
326,200,43,96
326,199,44,98
326,197,44,98
326,197,44,98
327,197,44,98
326,196,44,99
327,197,44,99
326,197,44,99
326,198,44,98
326,199,43,98
326,199,43,98
326,198,43,98
326,196,43,97
326,197,43,98
326,197,43,97
326,197,43,98
326,199,43,97
325,199,44,98
325,199,44,98
325,198,44,99
325,197,44,98
324,196,44,99
324,196,44,99
325,196,44,98
324,197,44,98
324,197,43,98
324,198,43,97
325,199,43,96
324,199,43,96
325,199,43,96
325,199,43,96
325,198,43,96
325,198,43,96
325,198,43,96
325,198,43,96
325,198,43,97
325,198,44,98
325,197,44,98
326,198,43,98
325,197,43,98
325,197,43,97
325,197,43,97
325,197,43,97
325,198,43,97
326,198,43,96
326,199,43,96
326,199,43,96
326,199,43,96
325,199,43,96
325,198,43,97
325,198,43,98
324,198,43,97
324,197,43,98
324,197,43,97
324,197,43,98
324,197,43,97
324,197,43,98
324,198,43,96
324,197,43,96
324,198,43,96
325,199,42,95
324,199,42,95
324,199,42,95
325,199,42,95
325,199,42,95
325,200,42,94
325,199,42,94
326,199,42,94
326,199,42,95
325,198,42,95
326,197,43,97
326,198,43,97
326,198,43,97
326,197,43,97
326,197,43,97
327,198,42,96
326,198,42,95
326,198,42,96
326,198,43,96
326,199,42,95
326,199,42,95
326,200,42,95
326,199,42,95
326,199,42,95
326,199,42,95
326,199,42,95
325,198,42,96
325,198,42,96
325,198,43,97
325,198,42,96
325,198,42,95
325,198,42,95
325,198,42,96
325,198,42,95
325,199,41,93
325,199,41,93
326,199,41,93
326,200,41,93
326,199,41,93
326,199,41,93
326,199,42,94
326,198,41,94
326,198,42,94
325,198,42,94
326,197,42,95
326,198,42,95
326,198,42,95
326,197,42,95
326,197,42,95
325,197,42,95
325,197,43,98
324,197,44,99
323,196,45,101
321,195,46,104
320,195,47,105
319,194,48,108
318,193,49,111
317,191,50,113
315,190,51,116
314,189,52,118
313,188,54,121
312,187,54,123
311,187,55,125
310,185,57,128
309,185,57,130
308,184,58,132
307,184,59,134
306,184,60,135
306,182,61,138
305,182,62,140
303,181,64,144
302,180,66,148
301,178,67,151
300,176,69,155
298,174,71,160
295,172,73,165
294,171,75,169
293,169,77,173
291,166,78,176
289,165,80,182
287,163,82,186
283,162,88,190
280,160,91,193
278,160,93,195
273,160,99,199
269,159,103,203
270,157,99,206
267,155,104,213
263,154,106,215
261,151,109,221
261,149,107,227
259,147,109,231
256,145,111,235
254,143,112,238
252,142,115,244
249,138,119,252
247,135,122,259
248,134,119,262
244,132,125,269
246,131,123,276
246,127,122,282
245,127,123,284
244,127,123,285
243,126,127,292
241,122,129,303
241,122,131,306
239,118,135,316
236,115,137,325
235,109,143,334
234,106,146,341
231,101,150,351
224,94,159,359
222,91,165,371
220,87,168,379
216,86,173,383
214,83,177,391
213,80,182,398
203,77,191,401
200,75,195,403
194,75,203,403
189,71,210,407
185,70,216,408
179,67,224,411
175,66,230,412
174,59,230,417
176,58,228,421
180,59,227,419
180,57,225,421
190,52,213,426
202,50,202,428
205,51,200,427
217,51,189,427
218,52,188,426
220,53,188,425
221,53,188,425
223,56,187,422
225,56,187,422
228,57,189,421
245,58,175,420
246,59,172,419
249,61,173,417
252,61,172,416
255,60,175,418
259,62,174,416
261,61,174,417
261,60,173,417
263,58,173,417
259,52,172,427
269,53,173,425
271,53,172,423
275,53,173,425
283,51,165,424
298,52,153,425
299,54,152,423
301,55,153,423
301,56,151,421
304,52,143,426
305,51,140,425
306,53,137,425
307,53,138,425
307,51,137,427
305,50,134,429
304,51,136,428
305,51,128,428
303,49,132,430
300,51,144,428
300,47,151,430
303,47,154,431
303,53,159,425
302,50,161,428
297,45,171,434
289,46,180,433
285,45,187,433
284,44,188,434
282,44,189,434
281,43,189,435
277,41,189,437
277,55,185,422
276,55,186,423
272,52,186,426
270,51,187,427
264,47,187,432
257,50,194,426
253,49,195,428
250,48,198,430
250,48,197,430
252,51,192,426
252,49,186,429
252,48,187,430
251,48,186,430
251,48,186,430
252,48,186,430
252,48,186,430
253,48,187,430
254,48,189,430
254,45,190,433
256,44,192,434
259,47,190,431
260,44,192,434
262,49,187,429
265,51,188,427
266,49,187,429
269,53,185,425
270,53,184,425
274,53,185,425
275,51,186,427
274,50,186,428
277,53,185,425
277,53,185,425
278,55,184,423
278,55,184,423
278,55,183,423
276,53,182,420
276,54,181,418
277,55,182,421
277,54,183,423
275,53,183,422
274,53,182,422
275,51,186,427
275,55,183,423
273,53,182,421
275,57,181,418
276,57,180,419
276,58,180,421
273,57,178,422
273,57,178,422
272,57,178,421
273,57,179,419
273,57,179,420
272,52,186,426
271,51,187,427
270,49,189,429
269,51,183,427
269,51,183,427
269,52,183,426
269,51,183,427
269,51,183,427
269,51,183,427
269,51,183,427
269,51,183,427
268,51,181,423
269,52,182,425
268,52,181,422
267,51,181,423
269,53,182,425
268,52,181,422
268,52,181,422
270,56,178,423
270,54,179,424
270,54,179,424
271,54,179,424
271,54,179,424
273,56,179,422
274,56,179,422
272,54,179,424
273,55,179,423
272,54,179,424
271,54,179,424
273,54,180,424
271,52,181,426
268,53,182,425
269,49,183,430
263,49,181,430
268,49,181,430
291,52,159,427
264,53,180,421
267,57,177,420
268,54,182,424
273,59,178,419
272,59,177,419
272,58,177,419
272,57,178,421
272,57,178,421
272,57,178,421
272,57,178,421
274,59,178,419
274,59,178,419
274,56,180,422
272,53,184,425
273,57,179,421
273,57,180,421
272,54,183,424
272,54,183,424
272,55,183,423
273,54,183,424
272,57,179,421
274,59,179,419
273,55,181,423
272,54,182,424
272,57,179,421
272,57,179,421
274,59,178,419
273,56,181,422
272,56,180,422
273,56,181,422
273,55,182,423
273,56,180,422
273,57,179,421
274,56,181,422
273,55,182,423
273,54,182,424
274,56,182,422
274,57,181,421
273,56,180,422
273,55,182,423
274,56,181,422
273,56,180,422
273,56,181,422
273,56,180,422
273,56,181,422
274,56,182,422
274,56,181,422
273,56,180,422
274,56,181,422
273,55,180,423
274,55,181,423
273,55,180,423
274,56,181,422
274,56,182,422
275,55,182,423
275,55,182,423
275,57,181,421
273,54,182,424
274,55,182,423
274,56,181,422
275,56,181,422
273,56,181,422
275,60,177,414
275,61,177,412
275,59,180,419
272,52,182,426
272,51,183,427
272,52,183,426
272,51,183,427
271,51,183,427
271,51,184,427
272,48,187,430
273,48,188,430
269,49,182,429
269,49,182,429
269,49,182,429
269,49,182,429
269,49,182,429
269,48,182,429
269,48,182,430
269,49,182,429
269,50,182,428
269,50,182,428
270,50,182,428
267,45,184,433
269,47,182,430
268,48,180,431
269,53,187,426
270,53,180,426
271,55,179,422
271,55,179,422
271,55,179,422
271,55,179,422
271,55,179,422
271,55,179,422
271,55,179,421
271,55,178,421
271,53,181,422
271,53,181,423
272,51,184,427
271,53,182,423
272,51,184,427
270,52,183,426
272,52,184,426
271,52,183,426
272,52,182,424
272,52,181,423
273,53,183,425
273,53,183,425
273,53,182,425
272,52,182,424
273,53,182,425
272,52,182,424
274,53,182,425
272,53,182,423
274,54,182,424
272,52,182,425
272,52,182,425
272,52,182,424
272,52,182,424
274,54,182,424
272,52,182,425
272,51,182,425
272,51,182,425
272,51,183,426
273,53,183,425
273,52,183,426
274,53,183,425
273,53,183,425
273,53,183,425
274,53,183,425
273,54,183,424
273,54,183,424
272,51,182,425
272,52,182,425
272,52,182,425
272,52,182,424
272,53,182,423
274,54,182,424
274,54,182,423
274,55,182,423
274,55,182,423
274,55,181,423
274,54,182,424
272,52,182,424
274,54,182,424
274,54,182,424
274,55,182,423
274,55,182,423
274,54,182,424
274,55,182,423
274,54,182,423
274,54,182,424
274,54,182,424
274,54,182,424
272,52,182,424
274,54,182,424
274,55,182,423
274,55,181,423
274,54,182,424
274,55,182,423
274,55,181,423
274,55,181,423
274,55,182,423
274,55,182,423
274,55,182,423
274,55,182,423
274,55,182,423
274,54,182,424
274,55,181,423
274,55,182,423
274,55,182,423
274,54,182,423
274,55,182,423
274,54,182,423
274,54,182,423
275,54,182,423
275,55,182,423
275,54,181,423
275,55,181,423
275,55,181,422
275,55,181,422
276,55,181,422
274,53,181,421
274,53,180,421
275,54,180,420
276,56,180,419
277,56,180,419
277,55,181,421
276,54,180,420
277,54,181,423
278,53,182,425
277,53,181,423
278,54,182,424
278,53,182,425
277,51,182,425
276,51,183,426
278,52,183,426
278,52,183,426
278,52,183,426
278,51,184,427
273,43,189,435
277,52,184,426
277,51,184,427
273,44,188,434
275,50,184,428
273,44,188,434
277,51,184,427
273,44,187,434
273,46,186,432
276,51,184,427
275,47,186,431
274,47,185,431
273,48,185,430
274,49,184,429
274,50,183,427
275,51,184,427
273,48,185,430
275,50,185,428
275,50,184,428
275,50,184,428
273,49,184,429
273,49,184,428
273,49,184,427
272,50,184,428
272,50,183,427
274,51,184,427
272,50,183,426
274,51,183,427
274,52,184,426
273,51,182,425
272,49,184,428
270,47,186,431
271,48,185,430
272,51,185,427
273,50,185,428
273,50,185,428
273,50,185,428
273,50,185,428
273,49,184,429
273,50,185,428
273,49,185,429
273,49,185,429
273,50,185,428
273,50,185,428
273,49,185,429
273,49,185,429
273,50,185,428
272,50,184,428
271,51,185,427
270,48,191,430
271,52,186,426
272,55,184,423
274,59,181,419
276,62,178,416
278,65,174,413
278,66,171,412
279,68,169,410
280,72,166,405
281,75,163,398
282,77,161,393
284,80,159,388
285,81,158,386
286,85,152,372
288,89,148,362
290,92,145,353
292,96,142,348
292,98,139,339
295,103,134,327
296,105,131,321
298,110,129,314
299,109,127,309
301,114,123,300
302,116,121,296
303,120,117,287
304,121,116,284
305,124,112,274
306,126,110,268
307,127,109,267
308,129,107,262
309,130,106,259
310,133,102,249
311,134,102,249
312,136,100,245
313,140,96,234
314,141,95,232
315,142,94,230
315,143,93,226
317,146,90,219
319,150,86,209
320,153,82,201
321,154,81,198
322,156,79,193
322,158,77,188
323,159,76,186
324,161,73,178
325,163,71,173
327,165,69,169
327,167,67,163
329,169,65,158
330,171,63,155
330,172,62,150
331,174,60,147
332,174,60,146
332,175,59,144
333,177,57,138
334,178,56,136
334,180,54,132
335,180,53,130
335,181,52,127
336,183,51,123
336,183,50,123
337,184,49,120
337,184,48,118
338,186,47,116
338,187,46,113
339,188,45,111
339,189,44,107
340,189,44,108
340,190,42,104
341,191,42,102
341,192,41,101
341,192,40,98
342,194,39,94
342,195,38,92
343,196,36,89
343,197,36,88
344,197,36,87
344,198,34,84
344,199,33,81
345,200,33,80
345,201,32,78
345,201,31,76
346,202,30,74
347,203,30,72
347,203,29,71
347,204,28,69
347,204,28,69
348,205,28,68
