190,99,10,25
190,99,10,25
190,99,10,25
189,99,10,25
188,99,10,25
189,99,10,25
188,99,10,25
188,99,10,25
187,99,10,25
187,99,10,25
186,99,10,25
186,99,10,25
186,99,10,25
186,99,10,25
185,98,10,25
185,99,10,25
185,99,10,25
184,99,10,25
184,99,10,25
183,99,10,25
183,99,10,25
183,99,10,25
182,99,10,25
182,99,10,25
181,99,10,25
181,99,10,25
181,99,10,25
180,99,10,25
180,99,10,25
180,99,10,25
179,98,10,25
179,99,10,25
179,99,10,25
179,99,10,25
178,99,10,25
178,98,10,25
178,99,10,25
178,99,10,25
177,99,10,25
177,99,10,25
177,99,10,25
176,99,10,25
176,99,10,25
175,99,10,25
175,99,10,25
174,98,10,25
174,99,10,25
174,99,10,25
174,98,10,25
173,98,10,25
173,98,10,25
172,98,10,25
172,98,10,25
172,99,10,25
171,99,10,25
171,99,10,25
171,99,10,25
170,99,10,25
169,99,10,25
169,99,10,25
169,99,10,25
169,99,10,25
169,99,10,25
168,99,10,25
168,99,10,25
168,99,10,25
167,99,10,25
167,98,10,25
167,98,10,25
167,99,10,25
166,99,10,25
166,99,10,25
166,99,10,25
165,99,10,25
165,99,10,25
165,99,10,25
164,99,10,25
164,99,10,25
163,98,10,25
163,99,10,25
163,98,10,25
162,98,10,25
162,98,10,25
162,98,10,25
161,98,10,25
161,98,10,25
161,98,10,25
160,98,10,25
159,98,10,25
159,98,10,25
160,98,10,25
160,98,10,25
159,98,10,25
159,98,10,25
159,98,10,25
158,97,10,25
158,98,10,25
158,97,10,25
158,97,10,25
158,97,10,25
158,97,10,25
158,97,10,25
157,97,10,25
157,97,10,25
157,97,10,25
156,97,10,25
156,97,10,25
156,97,10,25
155,97,10,25
155,97,10,25
155,97,10,25
155,97,10,25
154,97,10,25
154,97,10,25
153,96,10,25
154,97,10,25
153,97,10,25
153,97,10,25
152,96,10,25
152,97,10,25
151,97,10,25
151,97,10,25
151,97,10,25
151,98,10,25
150,98,10,25
149,98,10,25
149,98,10,25
149,98,10,25
149,98,10,25
149,98,10,25
148,98,10,25
148,98,10,25
148,98,10,25
147,97,10,25
148,98,10,25
147,97,10,25
147,97,10,25
147,98,10,25
147,98,10,25
146,98,10,25
146,98,10,25
146,98,10,25
145,98,10,25
145,98,10,25
144,97,10,25
144,98,10,25
144,97,10,25
143,97,10,25
143,97,10,25
142,97,10,25
142,97,10,25
142,97,10,25
142,97,10,25
141,97,10,25
141,97,10,25
141,97,10,25
140,97,10,25
140,97,10,25
140,97,10,25
140,97,10,25
140,97,10,25
140,97,10,25
139,97,10,25
139,97,10,25
139,97,10,25
139,96,10,25
139,96,10,25
138,96,10,25
138,96,10,25
138,96,10,25
138,96,10,25
137,96,10,25
137,96,10,25
137,96,10,25
137,96,10,25
137,96,10,25
136,96,10,25
135,96,10,25
136,96,10,25
136,96,10,25
135,96,10,25
135,96,10,25
135,96,10,25
135,96,10,25
135,96,10,25
134,96,10,25
134,96,10,25
134,96,10,25
134,96,10,25
133,96,10,25
133,96,10,25
133,96,10,25
133,96,10,25
133,96,10,25
133,95,10,25
133,95,10,25
132,95,10,25
132,95,10,25
132,95,10,25
132,95,10,25
132,95,10,25
132,95,10,25
132,95,10,25
131,95,10,25
131,95,10,25
131,95,10,25
131,95,10,25
131,95,10,25
131,95,10,25
131,95,10,25
131,95,10,25
130,95,10,25
130,95,10,25
130,94,10,25
130,94,10,25
130,94,10,25
130,94,10,25
130,94,10,25
129,94,10,25
129,94,10,25
129,94,10,25
129,94,10,25
128,94,10,25
129,94,10,25
127,94,10,25
127,94,10,25
127,94,10,25
127,94,10,25
127,93,10,25
127,93,10,25
127,93,10,25
127,93,10,25
127,93,10,25
127,93,10,25
127,93,10,25
126,93,10,25
126,93,10,25
126,93,10,25
126,93,10,25
126,93,10,25
125,93,10,25
126,93,10,25
126,93,10,25
125,93,10,25
125,93,10,25
125,93,10,25
124,92,10,25
124,92,10,25
124,92,10,25
124,92,10,25
124,92,10,25
123,92,10,25
123,92,10,25
123,92,10,25
123,92,10,25
123,92,10,25
122,92,10,25
121,92,10,25
122,92,10,25
121,92,10,25
120,91,10,26
121,92,10,26
121,92,10,26
120,92,10,25
119,91,10,26
119,91,10,26
119,91,10,26
119,91,10,26
119,91,10,26
118,91,10,25
118,91,10,25
117,91,10,25
117,91,10,25
118,91,10,25
117,91,10,25
116,91,10,25
116,91,10,25
116,91,10,25
115,91,10,25
116,91,10,25
115,90,10,25
115,91,10,25
115,91,10,25
115,91,10,25
114,91,10,25
114,91,10,25
113,91,10,26
113,91,10,25
112,91,10,25
112,91,10,25
112,91,10,25
111,91,10,25
111,91,10,25
111,91,10,25
111,91,10,25
111,91,10,25
110,91,10,25
110,91,10,25
110,90,10,25
110,90,10,25
110,90,10,25
109,90,10,25
109,90,10,25
109,90,10,25
108,90,10,25
108,90,10,25
108,90,10,25
108,90,10,25
107,90,10,25
107,91,10,25
107,90,10,25
106,90,10,25
105,90,10,25
105,90,10,25
105,90,10,25
105,90,10,25
105,90,10,25
104,90,10,25
104,90,10,25
104,90,10,25
103,90,10,25
103,90,10,25
103,90,10,25
102,90,10,25
102,90,10,25
101,89,10,25
101,90,10,25
101,90,10,25
101,90,10,25
100,89,10,25
100,89,10,25
100,89,10,25
100,89,10,25
99,89,10,25
99,89,10,25
99,89,10,25
99,89,10,25
99,89,10,25
98,89,10,25
98,89,10,25
98,89,10,25
97,89,10,25
97,89,10,25
96,89,10,25
96,89,10,25
96,89,10,25
96,89,10,25
95,89,10,25
95,89,10,25
95,89,10,25
94,89,10,25
94,89,10,25
94,89,10,25
93,89,10,25
93,89,10,25
93,89,10,25
92,89,10,25
92,89,10,25
92,89,10,25
91,89,10,25
91,89,10,25
91,89,10,25
91,89,10,25
90,89,10,25
90,88,10,25
89,88,10,25
90,88,10,25
89,88,10,25
89,88,10,25
89,88,10,25
89,88,10,25
88,88,10,25
88,88,10,25
88,88,10,25
88,88,10,25
87,88,10,25
86,88,10,25
86,88,10,25
86,88,10,25
86,88,10,25
85,88,10,25
85,88,10,25
85,88,10,25
84,88,10,25
84,88,10,25
84,88,10,25
83,88,10,25
83,88,10,25
83,88,10,25
82,88,10,25
82,88,10,25
82,88,10,25
81,88,10,25
81,88,10,25
81,88,10,25
80,88,10,25
80,88,10,25
80,88,10,25
80,88,10,25
79,87,10,25
79,87,10,25
79,87,10,25
79,87,10,25
78,87,10,25
78,87,10,25
78,87,10,25
78,88,10,25
77,87,10,25
77,88,10,25
77,88,10,25
76,88,10,25
76,88,10,25
75,88,10,25
75,87,10,25
74,87,10,25
74,87,10,25
74,87,10,25
74,87,10,25
73,87,10,25
73,87,10,25
73,87,10,25
72,87,10,25
72,88,10,25
72,88,10,25
71,88,10,25
71,88,10,25
71,88,10,25
70,88,10,25
70,88,10,25
69,87,10,25
69,87,10,25
69,87,10,25
69,87,10,25
69,87,10,25
68,87,10,25
68,87,10,25
68,87,10,25
67,87,10,25
67,87,10,25
67,87,10,25
66,87,10,25
66,87,10,25
66,87,10,25
65,87,10,25
65,87,10,25
64,87,10,25
64,87,10,25
64,87,10,25
63,87,10,25
63,87,10,25
63,87,10,25
62,87,10,25
62,87,10,25
62,87,10,25
61,87,10,25
61,87,10,25
61,87,10,25
60,87,10,25
59,87,10,25
59,88,10,25
59,88,10,25
59,88,10,25
58,87,10,25
58,87,10,25
58,87,10,25
58,87,10,25
57,87,10,25
57,87,10,25
57,87,10,25
57,87,10,25
56,87,10,25
56,87,10,25
55,87,10,25
55,87,10,25
55,87,10,25
54,87,10,25
54,87,10,25
53,87,10,25
53,87,10,25
53,87,10,25
52,87,10,25
52,87,10,25
51,87,10,25
51,87,10,25
51,87,10,25
51,87,10,25
50,87,10,25
50,87,10,25
49,87,10,25
49,87,10,25
48,87,10,25
48,87,10,25
48,87,10,25
47,87,10,25
47,87,10,25
47,87,10,25
46,86,10,25
46,87,10,25
46,87,10,25
46,87,10,25
45,87,10,25
45,87,10,25
45,87,10,25
45,87,10,25
44,87,10,25
44,87,10,25
43,87,10,25
43,87,10,25
42,87,10,25
42,87,10,25
42,87,10,25
41,87,10,25
41,87,10,25
41,87,10,25
40,87,10,25
40,86,10,25
40,87,10,25
39,87,10,25
39,87,10,25
39,87,10,25
38,87,10,25
38,87,10,25
37,87,10,25
37,87,10,25
36,87,10,25
36,87,10,25
36,87,10,25
36,87,10,25
35,87,10,25
35,87,10,25
35,87,10,25
35,87,10,25
34,87,10,25
34,87,10,25
34,87,10,25
34,87,10,25
33,87,10,25
33,87,10,25
33,87,10,25
32,87,10,25
32,87,10,25
31,87,10,25
31,87,10,25
30,87,10,25
30,87,10,25
30,87,10,25
30,87,10,25
29,87,10,25
29,87,10,25
29,87,10,25
28,87,10,25
28,87,10,25
28,87,10,25
27,87,10,25
27,87,10,25
26,87,10,25
26,87,10,25
26,87,10,25
26,87,10,25
25,87,10,25
25,87,10,25
25,87,10,25
24,87,10,25
24,87,10,25
24,87,10,25
24,86,10,25
24,86,10,25
23,86,10,25
23,87,10,25
23,87,10,25
23,87,10,25
22,87,10,25
22,87,10,25
22,87,10,25
21,87,10,25
21,86,10,25
21,86,10,25
20,86,10,25
20,86,10,25
20,85,10,25
20,85,10,25
19,85,10,25
19,85,10,25
18,85,10,25
18,85,10,25
18,85,10,25
17,85,10,25
17,85,10,25
16,85,10,25
16,85,10,26
16,85,10,25
15,85,10,25
15,85,10,25
15,85,10,25
15,85,10,25
15,85,10,25
14,85,10,25
14,85,10,25
14,84,10,25
13,84,10,25
13,84,10,25
13,84,10,25
13,84,10,25
13,85,10,24
12,84,10,25
12,85,10,25
11,85,10,25
11,85,10,25
11,85,10,24
11,85,10,25
10,85,10,25
10,85,10,25
10,84,10,25
9,84,10,25
9,84,10,25
9,84,10,25
8,84,10,25
8,84,10,25
7,84,10,25
7,85,10,25
