165,80,30,73
166,80,30,73
167,80,30,73
169,80,30,73
170,81,30,73
171,80,30,73
171,80,30,72
173,81,30,72
175,81,30,72
176,80,30,72
178,81,30,72
178,81,30,72
179,80,30,73
180,81,30,72
181,81,30,72
182,82,30,72
183,82,30,72
183,82,30,73
183,83,30,71
184,83,29,70
185,84,29,69
185,83,30,72
186,83,30,72
186,83,30,72
187,83,30,72
187,84,30,72
188,83,30,72
188,83,30,72
188,84,30,71
188,83,30,72
192,83,28,75
192,83,28,75
193,83,28,76
195,84,28,75
195,84,28,75
196,84,28,74
198,85,27,73
199,85,27,72
200,87,26,71
202,86,27,72
202,88,27,72
202,88,27,72
203,88,27,72
203,87,28,74
205,86,28,75
206,86,28,74
206,86,28,74
207,86,28,74
209,87,28,74
211,87,28,75
213,87,27,74
213,87,27,74
214,87,27,74
215,87,27,73
215,88,27,73
215,88,29,74
216,88,29,74
215,89,29,74
216,88,29,74
217,89,29,74
217,90,29,75
218,89,29,74
219,90,29,75
219,90,29,75
221,90,29,75
221,90,29,75
222,90,29,75
222,90,29,75
223,90,29,75
223,90,29,75
223,91,29,75
225,91,29,76
225,91,29,75
225,91,29,75
227,91,29,75
228,92,29,74
227,92,29,74
229,93,28,73
229,93,29,74
230,93,28,73
232,94,28,73
234,93,29,75
233,94,29,75
236,93,29,75
237,93,29,75
237,93,29,75
238,94,29,74
240,94,29,74
241,95,28,73
242,95,28,73
242,96,28,72
243,96,27,71
243,96,27,71
244,97,27,70
245,98,27,70
246,98,27,70
246,99,27,70
247,99,27,70
248,100,28,72
248,99,28,72
250,99,28,72
250,98,28,72
250,97,28,72
250,97,28,72
251,98,28,72
252,98,28,72
251,98,28,72
251,98,28,72
254,98,28,75
254,99,27,74
255,99,28,74
256,99,28,74
257,98,28,75
257,99,28,74
258,100,27,73
259,99,27,73
260,100,27,71
262,99,27,71
263,100,27,72
263,101,26,70
264,101,27,71
266,100,27,71
267,101,27,72
269,104,27,72
270,104,27,72
270,104,27,71
269,101,28,73
270,101,28,73
271,103,27,71
271,103,27,71
272,103,27,71
272,104,27,70
273,105,27,70
273,105,27,70
274,105,27,69
274,105,27,69
274,105,27,69
275,105,27,69
275,104,27,70
277,104,27,70
278,104,27,69
276,104,27,73
277,105,27,75
279,104,27,75
279,104,27,75
280,104,27,76
280,105,27,76
281,106,26,74
281,106,27,75
283,107,26,74
283,107,26,74
285,107,26,74
286,107,26,74
285,107,26,73
287,108,26,73
287,107,26,74
288,108,26,73
290,108,26,72
290,108,26,72
291,108,26,71
291,108,26,71
292,109,26,71
292,109,26,71
295,110,26,71
295,110,26,71
296,111,26,70
296,110,26,70
297,112,26,70
297,112,26,70
297,112,26,70
297,112,26,70
299,110,26,75
299,110,26,75
299,110,26,75
299,110,26,75
301,110,26,78
301,110,26,74
301,110,26,74
301,113,29,76
301,112,29,76
302,112,30,76
302,112,30,77
303,113,29,76
303,113,29,75
306,112,29,75
306,112,29,75
307,113,29,75
307,113,29,74
308,113,29,74
311,114,29,74
312,114,29,73
312,114,29,74
312,114,29,74
313,114,29,78
313,113,28,78
314,114,28,78
314,114,28,77
315,115,28,77
316,115,28,77
317,115,28,77
318,115,28,77
318,116,28,77
320,116,28,76
320,117,28,76
321,117,28,76
321,116,28,76
323,117,28,76
324,117,28,77
324,117,28,77
325,117,28,77
325,117,28,76
326,117,28,76
327,117,28,76
329,117,28,76
330,117,28,76
330,117,28,76
331,117,27,75
332,117,27,75
333,118,27,75
334,118,27,75
335,119,27,74
335,119,27,74
337,120,27,75
337,121,27,74
339,121,27,74
341,121,27,73
341,121,27,73
343,121,26,72
345,120,26,73
345,119,27,73
347,119,27,74
347,118,27,74
348,118,27,75
348,117,27,75
349,117,27,75
351,116,28,76
351,115,28,76
352,115,28,76
352,115,28,76
354,115,28,76
355,115,28,76
356,115,28,76
357,115,28,76
358,116,28,76
358,116,28,76
359,116,28,76
360,116,28,76
361,116,28,76
363,116,28,77
364,116,28,77
364,116,28,77
366,116,28,77
366,115,28,77
368,115,28,77
368,115,28,78
369,115,28,78
369,115,28,77
371,115,28,77
372,114,28,77
374,115,28,76
374,115,28,76
375,115,27,76
376,115,27,75
377,116,27,75
381,116,27,74
381,116,27,75
383,116,27,75
384,116,27,75
387,116,28,76
388,115,28,77
389,116,28,77
389,115,28,77
390,115,28,77
392,115,28,77
393,116,28,77
394,116,28,77
394,116,28,76
395,116,28,76
396,117,28,76
398,117,28,76
399,118,28,76
400,119,27,75
401,119,27,75
401,119,27,75
402,119,27,74
404,120,27,75
406,121,27,75
407,121,27,75
407,120,28,76
408,120,28,76
409,119,28,77
410,118,28,78
411,118,29,79
412,119,29,80
412,117,29,80
413,118,29,80
414,118,29,80
415,119,29,80
417,119,29,79
417,120,29,79
417,119,29,80
419,121,29,79
420,121,29,79
422,122,28,78
422,122,29,79
422,122,29,79
424,123,28,78
425,124,28,77
426,124,28,76
427,124,28,77
428,124,28,78
428,124,29,79
431,124,28,77
432,124,28,77
434,124,32,81
434,124,32,81
435,124,32,81
436,125,32,82
437,125,32,82
438,125,32,82
438,126,31,81
439,127,31,80
440,127,31,80
440,127,31,83
441,127,31,83
441,128,30,81
442,129,30,80
442,129,30,80
442,129,28,80
442,128,28,80
443,129,28,80
443,129,28,80
445,131,27,79
446,131,27,78
446,132,27,78
446,132,27,78
446,132,26,77
447,132,27,78
447,132,27,78
448,133,27,78
446,133,28,78
447,134,28,80
447,135,28,79
447,136,28,79
448,136,28,79
448,136,28,79
449,137,29,80
449,138,29,81
450,139,29,81
451,140,29,81
453,141,29,80
453,141,29,80
454,142,29,79
456,142,29,80
459,142,29,80
459,142,29,80
460,142,29,80
460,142,29,80
460,142,29,80
461,143,28,82
461,143,28,81
462,144,28,80
462,144,28,80
463,145,28,80
464,145,28,81
465,145,28,81
464,145,28,82
465,145,28,82
465,144,29,82
465,144,28,82
466,144,29,83
466,144,29,83
466,145,28,81
467,145,28,80
468,146,28,80
468,146,28,80
470,147,28,81
471,146,28,81
472,147,28,82
472,147,28,82
473,147,28,82
474,148,28,82
475,148,28,82
476,148,28,83
475,148,28,82
476,148,28,82
476,148,28,82
480,149,28,82
480,149,28,82
481,149,28,82
481,149,28,82
482,150,28,82
483,150,28,82
483,151,28,81
483,152,27,80
484,153,27,79
484,152,27,79
484,152,27,79
485,153,27,80
485,153,28,81
486,153,28,82
486,152,28,81
487,153,28,81
487,152,28,81
488,152,28,81
488,153,28,81
489,153,28,81
489,153,27,80
489,154,27,79
489,154,27,79
489,155,27,78
491,156,26,81
492,157,26,81
492,157,26,81
493,157,26,81
494,157,26,81
495,156,26,82
493,157,29,81
495,157,29,82
496,158,29,81
496,158,29,81
498,158,29,81
499,158,29,81
501,159,29,80
501,159,29,80
502,159,29,79
503,160,29,79
503,160,29,79
504,161,28,77
505,161,28,77
505,161,28,76
506,162,28,77
506,162,28,77
507,163,27,75
507,163,28,76
508,163,28,77
508,163,28,77
509,162,28,77
510,163,28,77
509,161,28,80
510,161,28,80
510,161,28,81
510,161,28,81
511,161,28,81
511,162,28,79
512,162,28,79
511,161,28,79
514,162,27,82
515,162,27,82
515,163,27,82
517,164,27,81
517,163,27,81
519,164,26,80
519,164,26,80
520,164,26,80
521,164,26,80
522,165,26,79
523,164,26,80
525,164,26,80
525,164,26,80
528,165,26,80
529,164,27,81
531,165,27,80
531,165,26,82
532,165,26,82
532,165,28,82
533,166,28,81
534,166,27,80
534,166,27,80
534,166,27,80
536,167,28,81
536,167,28,81
537,166,28,83
536,167,29,84
537,167,29,84
537,167,29,85
538,166,29,85
538,164,30,86
538,165,29,84
539,165,29,84
540,165,29,85
540,165,29,85
540,165,30,86
541,166,30,86
541,166,29,85
542,166,29,85
542,166,29,84
544,167,29,84
545,168,29,84
547,168,29,83
548,168,29,84
549,168,29,83
549,168,29,84
550,169,29,84
551,170,29,85
552,169,29,84
555,170,29,84
556,170,29,84
555,170,29,84
556,170,29,84
