448,211,85,203
446,212,84,200
442,211,84,200
450,212,71,202
449,209,71,201
448,208,71,202
444,211,71,201
445,209,71,201
426,211,81,202
416,214,89,198
411,217,98,192
409,216,100,194
408,217,99,193
405,216,101,197
405,218,100,195
404,217,101,197
410,217,93,197
420,218,81,191
423,218,77,194
422,216,76,191
421,216,78,192
420,215,80,191
418,216,79,189
419,218,82,187
415,219,89,186
415,221,94,186
416,220,95,188
419,222,98,190
418,223,102,190
415,226,107,190
422,228,107,190
432,231,103,185
434,227,104,189
463,231,84,186
466,233,79,182
468,231,84,180
484,230,76,180
483,231,74,179
494,228,88,182
497,224,90,185
489,222,118,185
495,220,120,188
496,221,120,188
501,220,119,191
502,222,111,190
504,227,107,187
512,222,100,193
517,224,94,186
528,224,90,189
524,221,91,190
519,217,91,196
517,218,91,194
517,217,90,195
508,216,91,194
503,216,87,197
496,222,86,196
498,219,90,195
493,219,85,202
490,224,84,198
486,227,82,196
483,231,78,198
480,233,77,196
476,234,76,193
471,234,75,193
464,232,74,192
457,228,76,196
452,227,85,196
448,222,94,202
445,225,93,199
444,229,87,200
445,237,84,192
446,238,84,198
452,240,82,198
453,240,82,198
455,241,83,199
456,241,82,199
457,239,81,197
456,238,81,197
455,236,86,201
456,236,86,201
458,238,85,199
466,244,86,201
471,249,83,193
474,247,85,198
477,247,84,197
477,246,85,198
482,245,82,197
485,239,78,202
489,236,76,203
487,232,77,200
488,230,77,200
490,229,77,200
490,230,84,201
490,231,82,201
490,230,83,203
489,230,84,205
492,225,80,203
492,220,76,199
490,219,76,194
488,213,77,198
485,210,77,196
483,206,78,199
482,207,77,196
481,209,76,195
480,211,76,193
481,212,76,193
483,212,74,189
487,206,74,189
484,201,74,188
484,200,75,191
485,196,75,192
484,194,79,194
474,195,89,195
479,194,83,194
474,195,90,194
475,198,87,188
474,198,88,189
475,197,87,188
473,195,87,187
476,193,82,187
480,192,77,188
474,192,84,187
476,192,81,188
477,194,80,185
476,195,81,189
477,195,82,191
478,197,81,187
474,200,84,181
476,200,87,175
478,200,90,174
481,197,82,175
478,191,87,180
478,193,87,175
478,194,86,173
478,196,85,171
479,199,84,169
478,198,84,169
477,199,82,166
474,197,82,165
473,197,77,165
474,195,71,165
470,191,71,167
466,191,72,173
465,193,73,174
465,193,71,171
465,196,72,172
466,199,72,172
465,201,71,172
466,201,75,174
467,199,75,174
468,196,74,173
468,192,81,179
468,190,82,182
467,188,83,184
467,190,83,184
466,190,82,181
465,191,82,181
463,196,80,178
462,200,78,173
460,200,77,170
459,200,75,173
454,197,73,178
450,193,72,179
446,192,74,182
443,191,75,184
443,195,74,183
441,197,77,184
438,199,77,183
436,201,79,184
440,200,81,183
439,195,80,189
440,191,78,188
441,194,76,183
442,194,75,180
442,196,74,178
442,198,74,178
439,199,75,181
439,201,75,182
427,200,86,185
425,199,86,185
420,193,88,190
419,194,80,195
416,192,80,196
413,188,81,198
413,190,80,196
414,191,79,193
415,192,78,190
413,197,78,192
414,199,79,194
417,199,79,194
413,196,81,200
417,199,78,192
416,194,79,193
415,194,78,191
415,193,78,190
415,194,77,188
414,196,75,185
414,196,80,185
413,199,79,182
412,201,84,186
410,201,84,185
402,199,87,186
400,198,85,183
397,193,87,186
396,192,85,182
394,190,85,182
394,191,86,183
397,194,85,183
400,196,86,185
404,190,84,189
411,190,84,188
422,185,77,197
425,180,78,199
437,171,77,196
443,171,77,197
442,172,76,193
455,172,78,199
460,174,79,201
460,175,78,199
464,175,79,202
474,172,79,202
482,169,83,201
487,162,85,207
494,162,84,204
502,165,81,196
510,165,82,198
516,166,82,199
525,171,80,195
532,174,81,197
538,175,80,194
545,174,79,192
555,169,79,195
557,168,78,194
559,167,79,194
557,169,78,192
558,170,77,191
556,173,78,192
554,176,85,199
552,176,85,199
551,176,83,195
549,172,81,189
546,167,82,193
544,165,83,194
545,169,80,189
545,169,80,189
543,174,82,193
542,176,82,195
544,179,91,197
546,180,90,195
550,180,89,192
550,180,88,191
552,168,81,200
554,166,80,198
556,166,80,197
553,163,81,200
553,164,83,205
552,165,84,208
551,167,84,207
549,166,86,213
548,167,86,205
547,165,91,201
544,158,93,203
542,155,93,203
540,152,93,204
538,151,93,203
539,151,95,207
539,153,94,205
539,153,94,206
541,153,93,203
544,153,90,197
549,151,86,187
553,137,86,187
554,136,85,185
555,136,86,187
554,137,87,190
551,137,90,195
548,136,91,198
545,133,92,201
544,131,91,199
544,127,89,194
543,123,88,192
543,120,88,192
543,119,88,192
541,120,87,190
541,121,87,189
542,123,88,191
544,126,87,190
545,125,89,195
545,120,91,198
548,118,90,196
550,115,89,193
551,107,92,200
551,104,93,203
551,107,92,201
551,110,91,199
550,111,92,202
552,115,92,201
551,114,92,201
551,112,92,202
547,112,90,197
546,110,90,197
546,110,89,195
546,109,89,195
547,109,90,198
548,112,89,194
552,114,88,199
555,112,89,202
559,109,89,202
562,101,90,203
560,101,91,206
563,97,91,206
565,93,93,210
568,94,93,210
569,95,93,209
570,100,92,209
569,100,92,208
570,103,92,209
569,103,93,211
569,104,95,209
568,100,96,210
568,96,94,207
568,95,93,205
569,95,93,204
571,98,92,202
574,100,93,205
578,100,95,209
583,102,96,211
589,104,95,209
589,105,94,207
588,101,96,211
589,96,97,213
594,94,96,211
595,93,98,215
596,97,98,215
595,99,98,216
606,100,98,216
609,100,99,218
607,93,100,220
608,91,97,214
608,88,97,213
609,89,97,214
610,91,95,210
609,91,95,209
611,94,95,210
613,98,94,208
615,100,97,214
617,101,99,217
621,101,98,216
626,96,97,214
625,92,97,213
627,90,97,213
628,87,98,214
630,90,98,215
629,93,100,212
629,93,100,212
627,91,101,213
628,93,99,211
626,88,101,215
625,85,100,212
624,82,99,209
624,82,96,203
622,84,93,198
620,84,94,200
619,86,95,202
621,89,96,204
622,89,96,203
622,87,96,204
623,86,95,205
623,80,97,208
627,82,93,200
628,83,90,195
627,85,91,197
622,82,95,206
620,83,98,211
620,86,96,207
615,84,95,205
612,83,95,204
606,76,88,209
603,74,89,212
601,79,88,208
598,79,92,218
596,82,93,221
595,83,94,224
595,80,95,227
598,80,92,220
599,76,90,214
600,78,88,209
601,76,88,210
600,74,88,210
599,75,90,213
597,80,88,209
592,77,91,215
588,81,92,218
584,82,92,218
578,77,93,220
576,75,92,218
572,72,92,219
569,74,90,212
565,73,90,214
563,76,90,214
560,75,98,216
554,77,101,222
549,74,102,225
548,74,100,221
547,69,101,222
545,67,100,222
542,64,101,223
539,63,103,227
531,68,104,230
531,67,105,232
527,72,102,225
522,72,103,227
512,71,102,226
506,70,102,226
499,68,103,228
495,68,104,229
485,69,101,224
479,71,102,226
482,76,101,224
482,76,101,224
480,80,102,226
480,80,102,226
478,78,103,227
475,79,101,224
468,70,103,230
466,70,104,230
462,67,105,232
460,68,104,230
455,70,106,235
450,72,110,243
443,74,113,251
440,74,108,249
438,69,109,252
437,67,109,251
433,60,110,253
433,62,108,249
433,65,104,241
430,64,105,242
434,70,105,241
436,71,110,254
439,70,113,260
444,72,111,256
450,70,107,246
457,65,105,242
460,63,104,241
462,66,104,241
462,65,104,241
465,69,106,245
464,76,107,250
467,73,104,258
469,75,102,252
470,70,100,248
471,70,100,248
471,71,100,248
471,68,100,248
471,68,100,249
475,68,102,253
482,72,103,256
484,74,103,256
496,74,103,255
501,72,101,252
502,72,101,252
506,66,103,257
501,64,104,258
500,66,103,257
498,69,104,258
495,74,105,259
494,81,105,260
483,81,116,262
480,78,119,269
478,80,118,266
476,81,114,258
475,85,113,255
471,81,116,261
472,86,115,259
472,97,112,253
472,106,112,254
471,120,114,257
472,127,113,256
472,137,116,261
471,142,117,264
474,158,115,260
474,167,114,258
473,179,115,260
474,194,114,257
473,211,114,257
474,210,113,254
473,212,113,256
469,211,113,256
467,207,113,256
465,204,113,256
464,204,112,254
463,205,111,252
462,204,114,258
461,201,116,262
462,198,116,263
463,182,115,262
462,163,115,262
466,140,114,259
466,116,114,258
466,117,110,250
466,92,112,254
464,67,112,255
463,42,116,262
460,16,118,267
462,2,116,263
446,1,130,256
435,1,141,256
440,1,134,252
440,1,127,222
435,1,121,182
435,1,118,162
440,1,106,160
433,1,115,168
438,1,108,122
436,1,105,129
433,1,106,142
436,1,103,147
432,1,109,142
425,1,122,146
423,1,125,154
421,1,129,156
422,1,129,163
423,1,128,173
409,1,138,181
404,1,135,185
398,1,133,189
405,1,120,185
403,1,122,197
404,1,121,202
404,1,111,196
401,1,112,177
399,1,113,190
395,1,105,167
397,1,105,187
399,1,108,182
399,1,110,186
394,1,121,193
400,1,122,194
414,1,106,201
413,1,109,198
413,1,109,199
422,1,102,202
427,1,99,200
426,1,99,199
429,1,98,198
428,1,99,211
427,1,98,209
423,1,109,206
412,1,119,224
403,1,123,214
399,0,125,218
392,1,140,223
386,1,135,222
384,1,141,221
386,1,139,224
389,1,135,224
394,1,132,227
390,1,121,222
392,0,123,225
397,0,122,224
393,1,110,219
391,0,113,224
382,0,116,231
380,0,117,232
378,3,117,233
380,4,117,234
376,1,122,242
371,6,124,245
373,3,121,251
353,5,141,253
345,9,145,258
341,9,146,260
337,14,142,253
331,13,138,267
328,17,139,269
324,27,137,265
318,41,127,264
319,60,122,254
318,67,119,248
322,69,121,256
322,65,124,262
321,57,129,273
323,57,127,269
322,56,128,270
317,61,129,272
314,62,131,275
311,65,130,275
313,72,129,272
302,76,136,270
303,80,132,263
292,78,133,263
295,82,126,249
294,74,130,256
294,71,130,270
298,72,126,261
294,63,131,271
308,59,125,278
310,69,125,277
313,73,124,274
315,75,125,277
320,82,124,276
314,84,125,276
318,85,125,275
320,83,124,275
325,81,125,276
325,73,129,286
327,75,128,284
328,78,128,284
327,86,126,279
322,90,125,277
325,92,123,272
321,94,121,269
320,90,123,274
318,89,121,270
316,85,122,271
317,82,122,271
316,80,120,267
316,82,119,265
315,83,119,264
316,89,117,260
316,95,121,270
316,94,121,269
314,96,124,275
318,98,124,276
320,93,125,278
329,94,123,275
333,85,123,273
341,81,123,274
349,79,121,269
350,82,121,268
354,81,121,268
357,83,119,263
359,87,119,265
361,92,123,273
361,98,122,271
364,101,124,275
367,102,122,269
369,100,119,263
371,99,116,258
361,94,128,259
357,92,133,260
353,90,134,261
351,90,136,261
353,90,131,259
353,93,131,255
352,108,135,251
348,107,145,247
351,110,143,244
351,106,145,248
