230,73,14,27
228,75,14,27
225,76,14,27
223,77,14,27
219,77,14,27
218,78,14,27
216,78,14,27
213,78,14,27
213,78,14,28
212,79,14,28
211,79,14,28
210,81,14,28
210,82,14,28
210,82,14,28
210,82,14,27
211,84,14,27
211,85,14,27
210,86,14,27
210,87,14,28
209,88,14,30
208,87,14,30
208,85,14,30
208,84,14,30
206,83,14,30
205,83,14,30
204,84,14,30
202,84,14,30
201,84,14,30
201,84,14,30
199,83,14,30
199,82,14,30
198,82,14,30
197,83,14,30
197,83,14,30
196,83,14,30
196,83,14,30
196,83,14,30
195,83,14,30
196,84,14,31
195,84,14,31
195,86,14,30
196,87,14,30
195,87,14,30
195,88,14,30
194,88,14,30
193,88,14,30
192,88,14,30
191,89,14,30
189,90,14,30
186,89,14,30
184,89,14,30
182,89,14,30
181,88,14,30
179,87,14,30
178,86,14,30
178,86,14,30
178,86,14,30
178,86,14,30
179,86,14,30
179,86,14,30
181,86,14,30
181,87,14,29
181,89,14,29
181,91,14,29
181,92,14,29
179,91,14,30
177,92,14,30
174,92,14,30
172,93,14,30
170,93,14,30
168,94,14,30
166,95,14,30
165,96,14,30
162,97,14,30
160,97,14,30
159,97,14,30
157,97,14,30
156,97,14,30
156,99,14,31
155,100,14,31
154,101,14,31
154,101,14,31
154,101,14,31
154,101,14,31
154,100,14,31
154,100,14,31
154,99,14,31
154,99,14,31
155,99,14,30
155,99,14,31
155,97,14,31
156,96,14,30
156,96,14,30
156,96,14,31
156,95,14,31
156,96,14,31
156,96,14,31
157,96,14,31
157,96,14,31
157,96,14,31
158,97,14,31
159,97,14,31
160,98,14,31
160,98,14,30
161,98,14,31
160,97,14,31
161,98,14,31
161,97,14,31
160,98,14,31
159,98,14,31
157,98,14,30
157,99,14,30
156,100,14,30
154,100,13,30
153,100,13,29
153,101,13,30
152,101,14,30
152,101,14,30
151,100,14,30
151,99,14,30
152,99,14,30
152,99,14,30
153,99,14,30
153,100,14,29
153,100,14,29
153,100,14,29
153,101,14,29
153,101,13,29
152,101,14,29
152,102,14,29
152,102,14,29
151,103,14,29
151,105,14,29
150,106,14,29
149,106,14,29
148,108,14,29
147,108,14,29
145,110,14,29
143,111,14,29
142,112,14,29
140,111,14,29
140,111,14,29
138,109,14,29
136,108,14,29
135,108,14,29
133,108,14,29
133,109,13,29
132,109,13,29
132,109,13,29
132,109,13,29
133,109,13,28
134,108,13,29
135,108,13,29
136,108,14,29
136,108,14,29
136,108,14,29
136,107,14,29
134,107,14,29
130,108,13,29
124,110,13,29
119,112,13,29
117,114,13,29
116,116,14,29
117,118,14,29
118,118,14,29
120,119,14,29
123,119,14,30
125,117,14,30
128,115,14,29
130,115,14,29
130,115,14,29
130,116,14,29
128,118,13,29
125,118,14,29
123,118,14,29
119,117,14,29
117,117,14,29
115,117,14,29
112,116,14,30
111,116,14,29
110,114,14,30
110,113,14,30
111,111,14,30
112,110,14,30
114,110,14,30
115,111,14,30
116,111,14,30
118,112,14,30
117,113,14,30
118,114,14,30
118,115,14,30
118,116,14,30
116,117,14,30
116,118,14,30
114,119,14,30
113,120,14,30
112,121,14,30
110,122,14,30
110,123,14,30
109,123,14,30
108,125,14,30
107,126,14,30
105,126,14,31
104,127,14,30
103,127,14,31
102,127,14,31
101,127,14,31
100,126,14,31
99,128,14,30
97,129,14,30
97,130,14,30
97,130,14,30
97,129,14,30
97,129,14,30
97,127,14,30
98,125,14,30
99,124,14,30
100,125,14,30
100,124,14,30
101,124,14,30
101,123,14,30
102,124,14,30
101,125,14,30
100,126,14,30
100,126,14,30
101,127,14,30
100,127,14,31
100,128,14,31
100,128,14,31
100,129,14,31
101,131,14,30
101,132,14,30
103,134,14,30
107,134,14,30
109,134,14,30
110,134,14,31
109,134,14,31
108,135,14,31
105,135,14,31
102,136,14,31
98,137,14,31
96,138,14,31
92,139,14,31
90,141,14,31
90,142,14,30
88,144,14,30
88,145,14,30
89,146,14,31
90,147,14,30
92,147,14,31
93,147,14,30
94,147,14,30
95,147,14,30
96,147,14,30
96,147,14,30
96,147,14,30
96,148,14,30
96,151,14,30
95,153,14,30
94,156,14,30
91,158,14,30
89,158,14,30
88,159,14,30
87,160,14,30
85,161,14,30
84,161,14,30
82,161,14,30
81,161,14,30
81,161,14,30
81,161,14,30
81,162,14,30
82,162,14,30
82,163,14,30
83,165,14,30
84,165,14,30
85,166,14,30
85,166,14,30
87,166,14,31
87,167,14,30
86,168,14,30
85,168,14,30
84,168,14,30
83,168,14,30
83,167,14,30
83,167,14,31
82,166,14,31
83,166,14,31
84,166,14,31
86,166,14,31
87,165,14,31
88,166,14,31
91,166,14,30
92,167,14,30
94,167,14,30
95,168,14,30
95,169,14,30
94,170,14,30
93,171,14,30
92,172,14,30
90,172,14,30
90,172,14,30
87,172,14,30
85,172,15,31
84,172,15,31
83,173,15,31
83,173,15,31
82,173,15,30
82,173,15,30
82,173,15,30
82,174,15,32
82,176,15,32
81,177,15,32
80,178,15,32
79,179,15,32
79,180,15,33
78,181,15,33
77,182,15,33
76,184,15,32
75,187,15,32
75,188,15,32
74,190,15,32
75,191,15,32
76,193,15,32
76,194,15,32
76,195,15,32
77,196,15,32
78,196,15,32
79,196,15,32
79,196,15,32
79,196,15,32
79,197,15,32
79,198,15,32
78,197,15,32
79,198,15,32
78,198,15,32
79,198,15,32
79,196,15,32
79,195,15,32
79,193,15,32
79,192,15,32
78,191,15,32
78,190,15,32
79,189,15,32
79,188,15,32
80,187,15,32
81,187,15,31
82,186,15,32
83,186,15,32
85,187,15,32
87,187,15,32
88,186,15,32
89,184,15,32
91,183,15,32
92,182,15,32
93,181,15,31
96,181,14,31
96,180,14,31
97,179,14,31
97,179,14,31
98,178,14,31
99,176,14,31
99,177,14,31
100,176,14,31
100,174,14,31
102,171,14,31
104,167,14,31
108,163,14,31
111,160,14,31
113,158,14,30
116,156,14,30
121,154,13,30
125,152,13,30
128,151,13,29
130,148,13,30
132,146,14,31
133,142,14,32
136,138,14,32
137,135,14,31
137,131,14,31
137,128,14,31
137,124,14,31
137,123,14,31
136,122,14,30
135,124,14,30
134,125,14,31
134,124,14,31
134,121,14,31
136,119,14,33
137,118,14,33
138,117,14,33
139,116,14,33
141,117,14,33
142,116,14,33
145,113,14,33
147,112,14,33
150,110,14,33
152,110,14,33
152,109,14,33
152,109,14,33
152,109,14,33
152,108,14,33
152,106,14,33
152,105,14,33
152,104,14,33
152,103,14,33
152,101,14,33
154,100,14,32
155,99,14,33
155,98,14,33
155,97,14,33
155,97,14,33
155,95,14,34
154,94,14,34
152,92,14,33
151,92,14,33
148,90,14,33
145,88,14,33
142,86,14,33
137,83,14,33
133,83,14,33
125,79,14,33
117,77,14,33
110,76,14,33
101,72,14,33
96,70,14,33
92,66,14,33
86,66,14,33
80,69,14,33
74,74,14,33
67,79,14,33
62,83,14,33
55,85,14,32
48,86,14,33
43,90,14,32
39,94,14,32
37,100,14,33
38,107,14,33
40,112,14,33
45,118,14,33
54,124,14,33
61,127,14,33
72,131,14,33
78,135,14,33
89,140,14,32
99,143,14,32
109,144,14,32
120,145,14,32
132,147,14,32
144,147,14,32
155,146,14,32
167,145,14,32
178,142,14,32
187,143,14,32
195,140,14,32
202,140,14,32
209,139,14,32
213,138,14,32
216,137,14,32
217,136,14,32
218,136,14,33
218,137,14,32
218,136,14,32
218,136,14,32
217,135,14,31
217,134,14,32
215,134,14,32
213,133,14,32
211,131,14,32
211,129,14,32
212,125,14,32
214,123,14,32
216,119,14,32
217,114,14,32
221,110,14,32
224,106,14,32
226,103,14,32
226,100,14,33
227,98,14,33
229,95,14,32
230,93,14,32
231,91,14,32
232,91,14,32
232,90,14,32
231,90,14,33
230,89,14,33
229,89,14,32
228,88,14,33
228,86,14,33
228,84,14,33
226,83,14,33
225,82,14,33
225,82,14,33
225,81,14,33
225,81,14,33
225,80,14,33
225,79,14,33
225,77,14,33
226,77,14,33
226,78,14,33
227,79,14,33
227,80,14,33
228,80,14,33
229,80,15,35
230,80,15,35
229,80,15,35
229,80,15,35
228,79,15,35
227,78,15,35
225,76,15,35
225,75,15,35
225,74,15,35
223,73,15,36
222,73,16,36
221,74,15,36
221,75,15,35
221,77,15,35
222,79,15,35
220,81,15,35
219,81,15,35
219,82,15,35
219,83,15,35
218,83,15,35
217,84,15,35
217,85,15,35
215,86,15,35
215,87,15,35
214,89,15,35
214,89,15,35
214,91,15,35
214,93,15,35
214,95,15,35
213,95,15,35
214,96,15,35
213,96,15,35
212,95,15,35
211,94,15,35
210,92,15,35
210,91,15,36
209,89,15,35
209,87,15,35
209,85,15,35
210,83,15,35
210,84,15,35
209,85,15,36
208,88,15,36
207,90,15,36
208,91,15,36
207,92,16,36
208,92,15,36
209,93,15,36
208,92,16,36
206,93,15,36
205,92,15,35
204,92,15,35
204,91,15,35
204,90,15,36
202,87,15,35
202,86,15,36
201,82,15,36
203,78,15,36
205,78,15,36
203,79,15,36
202,81,16,36
201,82,15,36
199,83,15,36
195,82,15,35
193,80,15,35
191,80,15,36
188,80,15,35
187,80,15,36
185,81,15,36
184,83,15,36
184,86,16,36
183,87,15,36
183,89,15,36
184,90,15,36
186,93,15,36
186,95,15,36
187,97,15,36
188,99,15,36
189,101,15,36
189,102,15,37
189,102,15,37
190,104,15,37
190,105,15,37
190,106,16,38
190,107,15,37
190,108,15,37
190,109,15,37
190,109,15,36
190,109,15,36
189,109,15,36
187,111,15,36
187,112,15,36
188,113,15,36
188,114,15,37
189,115,15,37
191,116,16,37
192,117,15,36
193,118,15,37
195,119,15,37
196,121,15,37
195,122,15,36
193,125,15,37
191,125,15,36
191,127,14,36
190,128,15,36
189,130,15,36
188,133,15,36
188,135,15,36
189,136,15,36
191,137,15,36
193,136,15,36
197,136,15,36
201,135,15,36
203,136,15,35
204,138,15,36
203,138,15,36
204,139,15,36
204,139,15,36
204,139,15,36
202,139,15,36
201,139,15,36
199,141,15,36
197,142,15,36
195,144,15,36
194,145,15,36
193,147,15,36
192,148,15,36
191,151,15,36
188,152,15,36
187,154,15,36
185,156,15,37
182,157,15,37
179,160,15,36
176,163,15,36
173,168,15,36
169,172,15,36
165,178,15,36
161,181,15,36
158,183,15,36
155,185,15,36
154,187,15,36
153,187,15,36
151,188,15,36
150,188,15,36
149,188,15,37
147,188,15,37
146,188,15,37
145,188,15,37
145,188,15,37
143,187,15,37
142,186,15,36
141,186,15,36
140,187,15,36
139,187,15,36
137,187,15,36
136,186,15,36
134,185,15,37
130,183,15,37
126,182,15,36
120,180,15,36
116,179,15,36
111,179,15,37
104,183,15,37
100,184,15,37
96,185,15,37
92,185,15,37
87,183,15,37
81,180,15,37
77,180,15,37
73,179,15,37
69,180,15,37
64,179,15,36
60,179,14,35
56,176,15,36
52,171,14,36
52,167,14,36
52,164,14,36
51,162,14,36
49,162,14,36
47,162,14,36
45,161,14,36
46,161,14,36
46,161,14,36
47,163,14,36
46,165,14,36
46,167,14,36
44,169,14,36
42,170,16,36
42,170,16,36
44,169,16,36
46,168,16,36
49,169,16,36
53,169,16,35
58,171,16,35
63,169,16,36
70,168,16,36
77,165,16,35
86,163,16,35
95,161,16,35
103,159,15,34
113,159,15,35
121,159,15,35
130,157,15,34
135,155,15,34
143,154,15,33
151,153,14,33
157,152,15,33
164,150,14,32
171,149,14,32
176,154,14,32
182,153,14,31
185,151,14,32
188,149,14,32
191,149,14,33
192,149,15,34
194,148,15,35
196,148,16,35
198,146,16,36
200,141,16,36
202,136,16,36
202,133,16,37
203,130,16,37
203,128,16,37
205,126,17,37
208,126,16,37
211,125,16,36
218,126,16,36
220,127,16,36
221,127,16,36
224,127,16,36
224,126,16,37
225,125,17,37
227,121,17,37
229,118,17,37
229,114,17,37
227,110,17,37
226,106,17,37
223,103,17,36
220,99,16,36
216,96,16,37
214,94,16,37
212,94,16,37
209,94,16,38
209,94,16,38
209,94,16,38
210,93,17,38
215,87,16,38
218,84,16,38
222,81,16,37
223,77,16,37
225,75,16,37
225,76,16,37
225,79,16,37
225,78,16,37
224,77,16,37
226,78,16,38
226,80,16,38
223,83,16,38
222,86,16,38
219,90,16,38
218,93,16,37
216,94,16,37
215,94,16,37
215,94,16,37
212,96,16,37
211,97,16,37
211,99,16,37
212,100,16,36
212,101,16,38
213,102,16,38
213,104,16,37
213,104,16,38
212,104,16,38
211,104,16,38
209,105,16,38
207,105,16,38
207,106,16,38
205,106,16,38
203,106,16,39
202,105,17,40
202,104,17,39
202,103,16,38
202,103,16,39
203,103,16,39
203,102,16,39
204,101,16,38
205,102,16,38
206,101,16,38
206,100,16,37
205,100,16,37
204,99,16,37
204,99,16,37
204,99,16,38
204,99,16,38
204,98,16,38
205,97,16,38
205,97,16,39
205,97,16,38
205,97,16,38
206,97,16,38
206,96,16,38
206,95,16,39
205,94,16,38
205,94,16,38
206,94,15,38
206,94,15,38
206,94,15,38
205,94,15,38
204,94,15,37
204,95,15,38
202,95,15,37
201,95,15,36
201,94,15,37
201,93,15,36
200,92,15,36
201,92,15,36
200,91,15,36
202,90,15,36
202,89,15,36
203,88,15,36
204,87,15,36
204,87,15,36
204,87,15,37
204,87,15,36
204,87,16,37
204,87,16,37
204,87,16,36
203,87,16,36
203,87,16,37
203,87,16,38
203,87,16,37
203,88,16,36
203,89,15,35
204,90,15,36
204,89,16,36
204,91,15,36
204,91,16,36
205,93,16,36
204,93,16,36
203,94,15,36
200,94,18,38
199,93,18,38
197,93,18,38
196,92,18,38
195,92,18,38
193,93,18,38
193,94,18,38
192,94,18,38
192,93,18,38
192,92,18,38
194,92,18,37
196,93,17,36
198,95,17,37
200,97,18,38
201,98,18,37
203,100,18,38
203,101,18,38
204,101,18,38
204,101,18,38
204,101,18,38
203,100,18,40
202,100,18,40
200,99,18,40
198,97,18,40
197,95,18,40
196,92,18,39
195,90,18,40
194,90,18,40
192,90,18,40
191,90,18,40
191,90,19,41
190,91,18,41
190,92,18,41
190,93,18,41
190,94,18,40
190,96,17,40
190,97,17,39
189,96,18,41
189,97,17,40
189,96,18,41
188,96,18,41
188,95,18,40
188,95,18,40
188,96,18,40
187,98,17,39
187,100,17,40
186,101,17,40
184,102,17,40
183,101,17,40
182,101,17,41
179,101,17,41
178,101,17,41
177,101,18,41
176,101,17,41
175,100,17,41
175,101,17,40
176,101,17,40
176,102,17,40
176,104,17,39
177,106,16,38
179,106,16,38
176,108,16,39
168,112,17,39
164,115,17,40
163,120,17,40
159,124,17,40
153,126,17,40
151,133,17,39
145,136,17,39
141,138,17,40
140,143,17,40
134,149,17,40
129,154,17,41
128,157,17,41
124,160,17,41
124,162,17,41
125,165,18,41
125,162,17,41
137,160,17,40
139,160,17,39
138,159,17,40
143,160,17,40
145,160,17,40
143,162,19,39
142,161,21,39
141,161,22,38
143,159,20,37
144,157,22,38
144,155,21,39
146,152,19,37
149,151,17,37
152,149,17,40
155,147,17,40
159,145,17,39
161,143,17,39
162,142,17,39
163,140,16,38
163,140,16,39
162,137,17,39
164,135,17,39
164,134,17,39
163,133,16,39
160,132,16,39
159,131,16,39
159,131,16,38
157,133,16,38
159,135,16,38
158,136,17,38
156,139,18,37
156,139,19,37
155,140,18,36
155,141,17,36
155,140,16,36
158,139,15,36
158,140,15,36
159,139,15,36
162,139,15,36
163,138,15,36
165,137,16,37
166,136,16,36
165,136,16,37
166,135,16,37
167,135,16,37
168,135,16,37
169,135,16,37
169,135,16,38
171,135,16,38
173,135,16,38
177,134,17,39
181,135,17,40
183,137,17,41
184,137,18,42
185,135,18,42
184,134,18,42
184,131,18,42
184,128,18,41
184,126,18,42
189,125,18,43
193,124,18,43
195,123,19,43
196,121,18,43
198,120,19,44
200,119,18,43
201,118,19,43
202,117,18,43
206,118,18,42
207,119,18,42
208,120,17,41
210,120,17,40
212,120,17,40
212,119,17,40
212,118,17,40
213,116,17,40
214,112,17,40
215,110,17,41
215,108,17,41
216,105,17,41
215,103,17,41
215,102,18,41
217,100,17,41
217,99,17,41
218,98,17,41
218,97,17,40
217,96,17,40
217,96,17,40
217,96,17,41
217,96,17,40
217,95,17,41
219,95,17,41
220,94,17,41
221,94,17,41
223,94,17,41
223,95,17,40
223,96,17,40
223,98,16,40
222,98,16,39
222,98,16,39
221,97,17,40
220,97,17,40
219,97,17,41
219,98,17,41
218,98,17,41
218,98,17,41
219,99,17,41
220,99,17,41
221,98,17,41
223,98,17,41
224,98,17,40
226,97,17,40
226,97,17,41
226,95,17,41
227,93,17,42
227,93,17,42
228,92,17,42
228,92,17,42
228,92,17,42
228,93,17,41
228,94,17,41
230,95,17,41
229,96,17,41
229,96,17,41
229,97,17,42
229,97,17,42
229,98,18,43
230,98,18,43
231,98,18,43
231,96,18,44
231,96,18,44
231,96,18,44
231,97,18,44
230,97,18,44
230,96,18,44
229,95,18,44
228,93,18,44
228,93,18,44
226,92,18,44
226,91,18,44
225,87,18,44
225,84,18,44
225,81,18,44
225,78,18,43
224,75,18,43
222,73,17,42
221,69,17,41
219,65,17,41
218,61,17,41
216,58,17,41
214,56,17,41
212,55,17,42
211,55,18,43
209,56,18,43
208,57,18,42
207,59,18,43
206,59,18,43
205,60,18,43
205,63,18,43
203,64,18,43
202,67,18,43
201,68,18,43
199,68,18,43
198,67,18,44
197,67,18,44
196,66,18,44
195,66,18,44
194,66,18,43
193,66,18,43
193,67,18,43
191,67,18,42
189,67,18,43
187,67,18,43
184,67,18,44
180,66,19,45
175,66,19,45
172,67,19,46
167,67,19,46
164,69,19,46
160,70,19,45
157,71,19,45
154,72,19,45
151,73,18,44
149,75,18,44
148,77,18,44
147,79,18,44
147,80,18,45
148,82,19,45
149,82,19,46
150,83,19,46
150,83,19,47
153,86,19,47
154,87,19,47
156,89,19,46
157,91,19,46
158,92,19,45
158,94,19,45
158,95,19,45
159,97,19,45
160,98,19,45
160,99,19,46
163,100,19,46
163,100,19,46
166,101,19,47
167,101,20,47
168,101,20,47
171,101,19,47
171,100,19,46
173,101,19,46
174,101,19,46
175,101,19,46
175,100,19,47
176,100,19,47
176,99,20,48
175,98,20,47
174,98,20,48
174,97,20,47
175,97,20,48
174,96,20,47
174,96,19,46
174,96,19,46
174,95,19,46
174,95,19,45
174,95,19,46
174,95,19,46
174,96,19,46
174,96,19,47
173,96,19,47
172,96,19,47
172,96,19,47
172,97,19,47
172,98,19,46
172,99,19,46
172,99,19,46
172,99,19,46
172,99,19,46
172,99,19,47
172,100,20,48
173,100,20,48
173,100,20,48
173,100,20,48
173,101,20,47
174,102,20,48
173,102,20,48
174,103,20,47
174,103,20,47
174,104,20,47
174,105,20,47
174,105,20,48
174,105,20,49
173,106,20,49
172,107,21,49
169,109,20,49
167,111,21,50
165,114,21,49
166,119,20,49
166,123,20,49
168,127,20,49
169,128,20,48
172,129,20,48
175,127,20,47
178,125,20,48
180,124,20,48
180,124,21,49
180,124,21,48
180,124,21,47
180,123,21,47
179,123,21,47
177,121,20,49
176,121,20,48
176,122,20,47
174,123,19,47
172,125,19,46
170,126,19,47
168,127,20,47
167,127,20,48
166,126,20,48
166,127,20,49
164,128,20,49
164,129,20,49
163,129,21,49
