143,124,30,80
142,124,30,80
142,124,30,80
142,124,30,80
142,124,30,80
141,124,30,80
141,124,30,80
141,124,30,80
141,124,30,80
140,124,30,80
141,125,30,80
141,125,30,80
140,125,30,80
139,125,30,80
139,125,30,80
139,125,30,80
139,125,30,80
137,124,30,81
138,124,30,80
138,124,30,80
138,124,30,80
136,120,30,80
136,120,30,80
136,120,30,80
136,120,30,80
135,118,30,80
135,118,30,80
136,118,30,80
135,118,30,80
135,117,30,80
136,117,30,80
135,117,30,80
136,118,30,80
136,117,30,80
136,117,30,80
136,117,30,80
136,117,30,80
137,118,30,80
137,118,30,80
137,118,30,79
137,118,30,79
139,118,29,78
139,119,29,78
139,119,29,78
139,119,29,78
141,119,29,78
141,119,29,78
141,119,29,78
141,119,29,78
144,119,29,78
143,119,29,78
143,119,29,78
143,119,29,78
145,118,29,78
145,118,29,78
145,117,30,81
144,116,30,82
146,118,29,79
146,118,29,79
146,118,29,79
146,118,29,78
147,118,29,79
147,118,29,79
146,118,29,79
146,118,29,79
147,118,29,79
147,119,29,78
147,118,29,78
147,119,29,78
147,119,29,77
147,119,29,77
147,119,29,77
147,120,28,77
147,119,28,76
147,119,28,77
147,119,28,76
147,119,28,76
147,119,28,76
147,119,28,76
147,119,28,76
147,119,28,75
148,118,28,75
148,118,28,75
148,118,29,76
148,118,29,75
148,118,33,74
148,118,33,75
148,118,33,74
148,118,33,75
149,118,33,74
149,119,33,74
150,120,32,73
150,120,31,73
150,119,32,75
150,119,32,75
150,119,32,75
150,119,32,75
153,119,27,74
153,119,27,75
153,118,27,76
153,119,27,76
153,119,26,76
153,119,26,76
153,119,26,76
153,118,26,78
153,119,26,78
153,119,26,78
153,119,26,77
153,119,26,77
155,119,26,77
155,119,27,77
155,119,27,77
155,119,27,77
157,120,26,76
158,120,26,76
158,120,26,76
158,120,26,76
159,120,26,75
159,121,27,76
159,121,26,75
159,121,25,75
160,121,27,75
160,121,26,76
160,121,26,75
159,121,27,75
159,121,27,74
160,121,26,76
160,121,26,75
160,120,26,75
159,121,26,74
159,122,25,73
159,122,25,73
159,122,25,72
160,122,25,72
159,122,25,71
160,122,25,72
159,122,25,72
160,122,25,72
160,122,25,72
160,122,25,72
160,122,25,71
162,122,25,71
162,122,25,71
162,122,25,72
161,122,25,71
163,122,25,71
163,122,25,71
163,122,25,71
163,123,25,72
165,123,25,72
165,123,25,72
165,123,25,71
165,123,24,70
167,123,25,70
167,123,25,71
167,123,25,71
168,122,25,71
170,122,25,71
170,123,25,71
170,122,25,71
170,123,25,71
173,123,25,71
173,123,25,71
173,123,25,71
173,123,25,71
175,123,25,71
175,123,25,71
175,123,25,71
175,123,25,71
175,123,25,71
175,123,25,71
175,123,25,71
175,123,25,71
175,123,25,71
175,123,25,71
175,123,25,71
176,123,25,71
175,123,25,71
175,123,25,71
175,123,24,70
175,123,24,70
175,123,24,70
175,123,24,70
175,123,24,70
175,123,24,70
175,123,24,70
175,123,24,70
175,123,24,70
175,123,24,70
183,124,24,70
183,124,24,70
183,124,24,69
183,124,24,69
185,124,24,69
185,124,24,69
185,124,24,69
185,124,24,69
188,125,24,69
188,125,24,69
188,125,24,68
188,125,24,68
190,124,24,69
189,124,24,69
189,124,24,69
189,124,24,69
192,124,24,69
192,124,24,70
191,124,24,70
192,124,24,70
193,125,24,69
193,125,24,69
193,125,24,69
193,125,24,69
193,125,24,69
193,125,24,68
193,125,24,68
193,125,24,68
193,125,24,68
193,125,24,68
193,125,24,68
193,125,24,68
194,125,24,68
194,125,24,68
194,125,23,67
194,125,23,66
195,125,23,67
195,125,23,67
194,125,23,67
194,125,23,67
195,126,23,66
196,126,23,67
195,126,23,66
195,125,23,67
196,127,23,66
196,127,23,66
197,127,23,66
197,127,23,66
198,126,23,66
199,126,23,67
198,126,23,66
199,127,23,66
200,126,23,67
200,126,23,67
200,126,24,68
200,126,23,67
201,125,23,67
201,125,23,67
202,126,23,67
202,126,23,67
203,126,23,67
203,126,23,67
202,126,23,67
203,126,23,67
203,126,23,67
203,126,23,67
203,125,23,67
203,125,23,67
203,126,23,67
202,126,23,66
203,125,23,67
202,126,23,66
202,125,23,66
202,125,23,66
202,125,23,66
203,125,23,65
204,125,23,65
204,126,23,65
204,126,23,65
204,126,23,65
204,126,23,65
205,126,23,65
205,126,23,65
205,126,23,65
205,126,23,65
205,126,23,65
205,126,23,65
205,126,23,65
207,127,23,65
207,126,23,65
207,126,23,65
207,127,23,65
208,126,23,65
208,126,23,65
208,126,23,66
208,126,23,65
209,126,23,66
209,126,23,66
209,126,23,65
209,126,23,65
210,126,23,65
210,126,23,65
210,126,23,65
210,126,23,65
211,126,23,66
210,126,23,66
210,126,23,66
211,126,23,66
211,126,23,66
211,126,23,66
211,127,23,66
211,126,23,66
211,126,23,66
212,126,23,66
212,126,23,66
212,126,23,66
212,126,23,66
211,126,23,65
211,126,23,65
211,126,23,65
212,126,23,65
212,126,23,64
212,126,23,64
212,126,23,64
213,126,23,65
213,126,23,64
213,127,22,63
213,127,22,63
215,127,22,63
215,127,22,62
215,127,22,62
215,128,22,62
216,127,22,63
217,127,23,64
217,126,23,64
217,126,23,64
218,126,23,65
218,126,23,66
218,126,23,65
218,126,23,65
219,126,23,65
219,126,23,64
219,126,23,64
219,126,23,64
219,127,23,64
219,127,23,64
219,127,23,64
219,127,23,65
219,127,23,64
219,127,23,64
219,127,22,63
219,127,23,64
219,126,23,65
219,126,23,65
219,126,23,65
218,126,23,64
218,126,22,63
218,127,22,63
219,127,22,63
218,127,22,63
218,127,22,63
218,126,22,63
218,126,22,62
218,126,22,63
219,127,22,62
219,128,22,63
219,128,22,63
219,127,22,63
220,127,22,63
220,127,22,63
220,127,22,62
220,127,22,63
221,127,22,62
221,127,22,62
221,127,22,64
221,127,22,63
222,127,22,62
223,127,22,63
222,127,22,62
223,127,22,63
223,127,22,62
223,127,22,63
223,127,22,63
223,126,22,63
223,127,22,62
223,127,22,62
223,127,22,62
223,127,22,62
223,127,22,62
223,127,22,63
223,127,22,63
223,127,22,62
222,127,22,63
221,127,22,63
221,127,22,63
221,127,22,63
220,127,22,63
220,126,22,63
220,126,22,63
220,126,22,63
220,126,22,63
220,126,22,63
219,127,22,61
219,127,22,61
219,128,22,61
219,127,22,61
219,127,22,61
219,126,22,61
219,127,22,60
219,127,22,60
219,127,22,60
219,127,22,60
219,126,22,60
219,126,22,60
219,127,22,60
219,127,22,60
219,128,22,58
219,128,22,59
219,128,22,58
219,128,22,58
219,127,22,58
219,127,22,58
219,127,22,58
219,127,22,58
220,127,22,58
220,128,22,58
219,127,22,58
219,127,22,58
219,127,22,58
220,128,22,58
220,128,22,58
219,127,22,58
219,128,22,58
219,128,22,58
219,128,22,58
219,128,22,58
219,128,22,58
219,128,22,58
219,128,22,58
219,128,22,58
219,128,22,57
219,128,22,57
219,128,22,57
219,128,22,57
219,128,22,57
219,128,22,57
219,127,22,57
219,128,22,57
219,128,22,57
219,128,22,57
219,128,22,57
219,128,22,57
219,128,21,56
219,128,21,57
219,128,22,57
219,128,21,57
219,128,21,56
219,129,21,56
219,129,21,56
219,129,21,56
219,128,22,57
220,129,21,56
219,129,21,56
219,129,21,56
220,128,21,56
220,128,21,56
220,128,21,56
220,128,21,56
220,128,21,56
220,128,21,56
220,128,21,57
220,128,21,56
220,128,21,56
220,128,22,57
220,128,21,56
220,128,21,56
220,128,21,57
219,128,21,56
219,128,21,56
220,128,21,56
219,128,21,56
219,128,21,56
219,128,21,56
219,128,21,55
219,128,21,55
218,129,21,55
219,129,21,55
219,129,21,55
218,128,21,55
217,127,21,55
217,127,21,55
217,127,21,55
216,127,21,55
217,128,21,55
216,127,21,55
216,127,21,55
216,128,21,55
216,127,21,55
216,127,21,54
216,128,20,54
216,128,20,54
216,128,21,54
216,128,21,54
216,128,20,54
216,128,20,54
216,128,21,54
216,128,20,54
216,128,21,54
216,128,21,54
216,128,21,54
216,128,21,54
216,128,21,54
217,127,20,54
217,127,20,54
217,128,20,54
217,128,20,54
217,127,21,54
217,127,20,54
217,127,21,54
217,127,21,54
217,127,21,54
217,127,21,54
217,127,21,54
217,127,21,54
217,127,21,54
217,127,21,54
217,127,21,54
217,127,21,54
218,127,21,54
218,127,21,54
218,127,21,54
218,127,21,54
218,127,21,54
218,126,21,54
218,126,21,54
218,126,21,54
218,126,21,54
218,126,21,54
218,126,21,54
218,126,21,54
218,126,21,53
218,126,21,53
218,126,21,53
218,126,21,53
218,125,21,53
219,126,21,53
219,126,21,54
219,125,21,54
220,126,21,54
220,126,21,54
220,126,21,54
220,126,21,54
222,127,21,53
221,126,21,53
221,126,21,54
221,126,21,54
224,126,21,54
224,126,21,54
224,126,21,54
224,125,21,54
225,125,21,54
225,126,21,54
225,125,21,54
225,125,21,53
226,125,21,53
226,126,21,53
226,126,21,53
226,125,21,53
227,126,21,53
227,126,21,53
226,126,21,53
226,126,21,53
226,126,20,52
227,126,20,53
227,126,20,53
227,126,20,53
226,126,21,53
226,126,20,53
226,126,20,52
227,127,20,53
227,126,21,53
227,126,21,52
227,126,21,52
227,126,21,52
227,126,21,52
227,126,21,52
227,126,21,52
227,126,21,52
227,126,21,52
227,126,21,52
227,126,21,53
227,126,21,53
227,126,21,53
227,125,21,53
227,125,21,53
227,125,21,53
227,125,21,53
227,125,21,53
227,126,21,53
227,125,21,53
228,126,21,53
228,126,21,52
228,126,20,52
228,126,21,52
229,126,21,53
229,126,21,53
229,126,21,54
228,126,21,53
230,125,21,53
230,125,21,52
230,126,20,52
230,126,20,52
231,126,20,51
231,126,21,52
231,126,20,52
231,126,21,52
232,126,21,52
232,126,21,52
232,126,21,52
232,126,20,51
232,126,20,52
232,126,20,51
232,126,20,52
232,126,20,51
232,126,21,52
232,126,20,51
232,126,20,52
232,126,20,51
232,126,21,52
232,126,20,51
232,126,20,51
232,126,20,52
231,126,20,51
231,126,20,51
231,126,20,51
231,126,20,51
230,126,20,51
231,126,21,52
231,126,21,52
230,126,20,51
230,125,20,51
230,126,20,52
230,125,20,52
230,125,20,52
229,125,20,51
230,126,20,51
230,126,20,51
229,125,20,51
229,125,20,51
229,126,20,50
229,126,20,50
229,126,20,50
229,126,20,50
229,126,20,50
229,126,20,50
229,126,20,50
229,126,20,50
229,126,20,50
228,126,20,50
228,126,19,49
228,126,20,50
228,126,20,50
228,126,20,50
228,126,20,49
227,125,20,49
227,125,20,49
227,125,20,49
227,125,20,49
226,126,20,49
226,126,20,49
226,125,20,49
