191,183,34,108
193,182,34,107
195,180,34,108
196,178,34,108
198,178,34,108
198,178,34,107
197,180,34,106
197,180,33,105
197,180,33,105
195,180,33,105
193,182,33,105
193,182,33,105
195,183,33,105
194,183,33,104
192,185,33,105
191,185,33,105
190,186,33,105
189,186,33,105
187,186,33,105
187,186,33,105
190,184,33,105
195,183,33,105
197,183,33,104
198,183,33,104
201,181,33,103
200,181,33,103
204,180,33,103
208,180,33,104
209,180,33,105
211,179,34,106
211,178,34,107
211,179,34,107
210,180,34,108
210,180,35,109
206,181,35,109
207,181,35,111
208,182,35,111
210,182,35,111
210,182,36,112
208,183,36,113
205,185,36,112
205,186,36,113
204,187,36,112
204,187,36,113
206,188,36,112
207,190,35,110
209,194,34,108
211,196,34,107
213,195,35,109
222,191,35,110
227,189,35,110
229,188,34,108
233,185,34,108
236,182,35,109
237,181,34,108
237,182,34,107
235,182,34,107
233,182,34,106
231,181,34,106
225,183,33,105
221,185,33,104
215,186,33,102
213,187,32,102
208,187,32,102
196,189,32,101
193,189,32,100
183,187,32,100
177,187,32,101
174,188,32,101
173,186,33,102
175,185,33,103
174,183,32,102
173,183,32,102
170,180,33,102
167,179,33,103
167,178,33,104
165,178,33,104
163,173,35,113
164,172,35,113
167,170,35,113
170,170,35,113
173,169,35,112
175,169,35,113
178,170,34,111
179,171,34,111
185,172,34,111
188,173,35,113
192,173,35,113
194,172,35,115
196,174,36,115
198,175,36,116
199,178,36,115
201,179,36,115
203,182,35,114
204,184,35,114
207,186,35,114
208,186,36,117
211,187,36,115
211,187,36,116
213,188,36,115
218,190,35,113
219,188,35,113
222,186,35,112
222,181,35,112
223,180,35,113
223,179,35,112
223,177,35,113
222,176,35,112
222,176,35,112
221,175,35,111
220,171,34,109
218,170,34,110
211,170,34,110
208,168,35,113
208,168,34,110
214,168,34,109
220,168,34,109
225,173,33,107
231,172,33,105
241,177,33,106
246,175,33,107
253,170,34,108
263,171,34,108
259,174,34,107
260,175,33,107
264,177,34,109
269,182,33,107
276,183,34,108
278,183,33,106
278,183,32,104
278,188,33,105
279,189,33,105
283,187,32,104
284,190,32,102
283,191,32,104
285,191,33,106
285,192,33,106
286,195,33,105
286,197,33,106
287,200,33,106
286,202,37,119
279,203,38,120
275,204,37,118
272,204,36,116
272,202,36,116
265,200,36,116
259,200,36,115
251,199,36,114
246,197,36,114
243,194,36,114
236,189,35,113
231,186,36,115
229,178,36,121
225,178,36,121
224,176,36,121
222,171,36,120
220,168,36,121
217,164,36,121
214,160,37,122
212,157,37,123
208,157,36,120
205,154,37,121
202,154,37,122
199,152,37,122
198,150,37,124
197,149,38,125
197,148,38,125
196,149,38,125
194,148,38,126
195,149,38,127
195,150,38,127
196,151,38,126
194,151,38,128
196,152,38,127
197,152,38,127
202,155,38,126
201,157,37,125
200,159,37,123
198,159,37,123
198,159,37,124
198,160,37,124
198,160,37,124
198,159,37,124
198,159,37,124
199,158,37,125
203,157,37,126
204,156,38,126
209,155,38,126
211,154,38,127
215,154,38,126
218,154,38,126
220,155,37,125
224,153,38,126
225,153,37,125
227,153,37,125
227,152,37,125
226,151,37,125
222,151,39,127
222,151,39,127
222,151,39,127
219,150,39,127
217,149,39,128
216,150,39,127
214,150,40,129
210,150,40,129
210,150,40,129
210,150,40,130
208,150,40,130
209,150,40,130
209,151,40,129
208,153,40,128
209,154,39,126
207,153,39,126
207,154,39,126
205,153,39,125
203,153,39,125
201,152,39,127
201,151,39,127
200,152,39,127
200,151,40,129
199,151,40,130
199,152,39,128
198,151,40,129
199,151,40,130
198,151,40,131
198,152,40,130
198,152,40,130
198,153,40,129
200,154,39,128
201,157,38,124
201,157,38,124
200,156,39,126
203,156,38,125
202,156,38,124
199,154,39,125
199,152,39,127
196,152,39,128
197,150,40,128
196,148,40,130
195,148,41,132
192,147,41,132
192,149,40,130
192,150,40,130
191,151,40,130
191,152,40,129
189,153,39,128
190,153,39,127
191,153,39,126
194,153,39,127
196,152,39,127
196,152,39,128
197,152,40,129
199,152,39,128
198,152,39,127
197,151,40,129
199,153,39,128
200,154,39,126
206,153,39,128
206,153,40,129
208,152,40,130
210,150,40,130
211,148,40,130
213,144,40,130
217,142,40,130
223,134,40,132
223,135,40,131
228,128,41,132
229,125,41,133
231,123,41,134
230,122,41,134
229,120,41,134
227,116,41,134
225,113,42,135
223,111,42,135
222,110,41,134
221,108,41,134
219,106,41,134
217,104,41,135
215,104,41,135
214,103,42,135
214,102,42,136
215,101,42,137
216,100,42,137
218,100,43,138
219,101,42,138
221,102,42,137
225,104,42,138
226,105,42,137
228,106,43,139
227,105,43,140
228,105,43,140
227,105,43,140
223,104,43,139
221,104,42,138
220,104,42,138
219,98,43,138
221,93,43,139
220,91,43,140
220,88,43,140
222,84,43,140
224,83,43,136
228,77,44,140
231,75,45,143
234,76,45,142
238,78,42,139
238,80,40,137
237,79,46,139
238,76,45,142
243,80,40,140
237,80,41,145
236,80,41,147
233,80,42,149
231,80,42,150
228,81,42,150
228,84,42,149
227,84,42,150
228,86,42,150
228,87,42,148
230,89,42,150
230,90,43,152
230,93,42,150
231,96,42,151
228,99,42,148
227,99,41,148
227,99,44,144
223,101,43,144
219,102,46,145
216,102,45,145
208,102,48,146
204,100,47,148
201,99,44,151
198,100,42,151
196,100,42,152
194,100,42,151
193,100,42,149
194,100,42,149
195,100,42,149
196,100,42,150
196,101,42,150
197,103,41,148
197,103,41,147
200,104,41,144
201,102,41,144
201,103,44,144
199,101,44,147
198,102,42,152
195,101,43,149
194,99,45,151
189,101,44,145
184,102,45,146
180,102,46,151
179,102,44,153
176,102,43,155
172,102,44,158
172,102,44,158
165,104,43,156
161,107,44,157
157,107,44,157
151,110,45,157
149,108,44,159
148,107,44,159
145,106,44,159
143,106,44,159
143,105,44,158
143,105,44,158
142,103,44,159
143,102,44,159
142,100,44,159
144,99,44,160
146,99,44,159
145,98,45,161
147,98,45,161
148,97,46,164
147,93,46,166
149,93,47,168
148,96,48,160
148,96,49,163
147,94,46,163
146,94,48,164
145,97,49,162
146,97,49,162
145,98,53,161
143,98,53,167
143,98,48,171
138,105,53,167
139,106,48,165
147,112,46,164
151,117,46,164
156,117,46,166
158,118,46,165
170,117,46,165
175,113,47,168
173,111,47,170
170,110,49,175
167,107,50,173
169,105,50,172
170,106,51,173
173,104,50,172
179,101,49,176
184,103,48,172
189,103,47,169
190,104,47,168
193,105,46,167
198,103,47,169
203,106,46,165
203,106,47,163
206,103,48,169
209,100,48,171
216,97,47,171
217,96,50,177
216,95,51,182
218,98,51,183
213,97,51,184
213,97,51,183
214,96,51,183
211,97,55,175
210,98,55,172
210,97,52,174
208,94,50,179
206,94,50,178
203,91,50,181
200,85,50,181
198,83,51,182
196,83,51,182
193,83,51,182
193,84,51,182
199,86,50,181
198,87,50,180
205,91,50,178
204,93,50,178
202,96,49,177
198,94,50,179
199,94,51,182
196,93,51,183
195,95,51,183
196,96,51,183
193,97,51,183
193,100,50,181
193,97,50,179
195,92,50,179
197,92,50,179
194,95,50,179
185,99,50,179
179,98,50,179
181,98,51,184
179,98,52,186
182,96,52,187
189,95,52,188
187,97,57,179
188,100,55,183
188,102,56,184
187,104,55,185
188,104,52,185
187,106,55,183
186,108,55,180
185,108,54,183
184,109,57,181
181,109,52,181
178,109,52,183
177,111,53,178
181,111,51,179
183,109,50,180
182,105,52,181
182,105,53,182
183,104,53,181
185,102,53,183
186,102,54,179
188,102,54,179
190,100,53,183
194,98,53,190
194,98,53,190
195,96,53,190
196,96,53,191
196,95,53,192
196,95,54,193
196,97,54,194
196,98,54,195
191,102,60,189
187,105,62,185
193,106,59,186
194,106,58,185
197,103,55,187
192,104,59,189
189,102,55,187
186,99,55,191
185,98,55,189
186,97,55,188
187,92,55,189
189,91,54,188
191,87,54,194
194,91,53,192
200,94,53,190
201,92,53,190
202,92,52,187
206,94,52,187
207,95,52,186
206,98,52,186
202,99,52,186
199,105,52,186
194,108,52,187
