1152,667,47,104
1152,667,47,104
1130,667,46,102
1130,666,46,103
1111,666,46,101
1093,664,46,102
1092,663,46,103
1061,661,47,104
1061,660,47,104
1047,659,47,105
1047,658,48,106
1038,658,48,105
1032,658,47,105
1032,658,48,106
1030,658,48,106
1030,657,48,106
1028,658,48,105
1025,657,48,105
1025,658,47,104
1016,658,47,104
1016,658,46,103
1010,658,46,102
1003,658,46,103
1003,657,47,104
999,657,47,104
997,656,47,104
990,656,47,104
990,656,47,105
984,655,47,105
984,656,47,104
970,655,47,104
933,654,47,103
933,654,47,103
911,654,46,102
909,655,49,100
890,654,49,100
890,654,49,100
874,654,49,100
864,653,49,99
864,654,48,99
855,656,50,98
855,656,50,98
854,657,49,97
854,657,49,97
852,657,49,97
852,658,49,96
852,658,49,95
851,658,49,95
851,658,49,96
851,658,49,96
851,658,49,96
851,658,49,96
853,659,49,97
853,659,50,97
854,660,49,97
854,660,49,96
853,660,50,98
853,659,50,97
851,659,50,97
846,660,50,98
842,661,49,102
837,661,49,101
837,661,49,102
828,661,49,102
828,661,49,102
829,663,49,102
829,662,50,103
828,661,50,104
830,662,50,104
830,661,50,104
831,662,50,104
832,663,50,103
833,664,50,104
835,664,49,103
835,664,50,104
836,664,50,104
836,665,50,104
838,666,50,103
840,667,49,102
840,667,49,102
842,668,49,101
843,669,48,100
845,670,48,101
845,670,49,101
847,672,48,101
849,671,49,102
849,670,49,103
849,670,49,102
849,670,49,102
850,672,48,101
851,673,48,101
851,673,49,102
853,673,49,101
853,673,49,103
853,672,50,103
854,672,49,103
857,673,49,102
860,674,48,100
859,673,49,102
860,672,49,103
859,672,50,105
861,672,51,105
862,673,50,104
864,673,50,105
866,673,50,104
867,673,50,104
871,674,50,105
871,674,51,106
873,675,51,106
872,673,53,105
874,674,52,104
875,674,53,105
875,673,53,106
876,674,53,105
876,674,53,105
880,674,48,106
884,675,49,109
884,674,49,108
886,674,49,109
886,674,49,109
886,677,51,105
886,678,54,104
889,679,53,102
891,680,53,101
890,679,53,101
892,679,53,102
892,679,53,101
893,679,53,101
893,679,53,101
897,679,53,102
898,679,53,101
898,678,53,102
900,678,53,102
900,678,53,102
903,678,54,103
906,678,54,103
905,678,54,104
909,679,53,102
908,678,54,102
915,677,48,104
915,677,48,104
916,678,48,104
917,678,48,104
917,678,48,104
918,678,48,100
918,678,48,102
919,678,49,102
918,677,49,102
920,678,49,102
922,679,49,101
922,679,48,101
925,680,48,100
925,680,49,101
926,680,48,100
926,679,49,101
926,679,49,102
927,679,49,102
927,679,49,102
928,677,49,103
929,677,49,103
929,676,49,103
932,676,47,101
932,677,47,101
933,676,47,101
934,677,47,101
936,676,47,101
936,677,47,101
936,676,47,102
937,676,47,102
937,676,47,102
938,676,47,102
939,677,47,101
939,677,47,101
939,677,46,100
940,677,46,101
941,678,45,98
941,678,46,99
942,677,46,100
941,677,46,101
944,676,47,101
945,676,47,101
945,676,47,101
945,676,47,102
945,676,47,101
946,675,48,103
946,675,48,103
947,675,48,103
948,675,48,104
949,676,47,102
950,676,48,103
949,676,48,103
951,677,48,103
951,677,48,103
951,677,48,103
952,678,47,102
952,678,47,102
952,678,47,101
953,679,47,100
956,680,46,99
960,681,46,98
959,680,46,99
960,682,45,98
961,682,46,98
962,683,46,98
962,683,46,99
962,683,46,98
961,684,46,98
962,684,46,98
962,684,46,98
961,684,46,99
961,684,46,98
961,685,45,97
961,685,45,98
961,686,45,97
961,685,45,97
961,685,45,97
961,685,45,97
964,684,45,98
962,685,46,98
961,685,46,98
961,686,46,98
963,684,46,98
962,684,46,99
961,685,46,99
960,684,46,99
959,684,46,99
959,684,46,99
958,684,46,99
955,684,46,99
956,684,46,99
954,683,47,100
954,683,47,101
951,679,47,101
951,679,47,101
951,679,47,101
951,679,48,102
951,679,48,102
951,678,48,102
951,678,48,102
951,678,48,104
951,678,48,104
951,677,48,104
951,677,48,104
952,677,48,104
953,678,48,104
953,678,48,104
953,678,48,104
953,678,48,104
953,678,48,104
953,678,49,104
953,678,49,104
953,678,48,104
954,678,48,104
953,678,48,104
954,678,48,104
954,678,49,104
953,678,48,103
953,678,48,103
953,678,49,105
953,677,49,105
953,677,49,106
953,677,49,105
953,677,49,105
953,677,49,105
953,677,49,105
953,677,49,104
953,677,49,104
953,678,48,104
953,678,48,104
953,678,48,104
953,678,48,104
953,678,48,104
953,678,48,103
953,678,48,103
953,678,48,103
953,678,48,103
953,678,48,104
952,677,48,104
952,677,48,104
952,678,48,103
952,678,48,103
952,678,48,104
952,678,48,103
952,678,48,104
951,678,48,103
951,677,48,104
951,677,48,104
951,678,48,103
950,677,48,103
950,677,48,103
950,677,48,103
950,677,48,103
949,677,48,103
947,677,48,103
947,677,48,104
946,677,48,103
946,678,48,103
944,677,48,103
944,678,48,103
943,677,48,103
942,677,48,103
942,677,48,103
941,677,48,103
941,677,48,103
940,677,48,103
940,677,48,103
941,677,48,104
941,677,48,103
941,677,48,104
941,677,48,104
940,677,48,103
941,677,48,103
940,676,48,104
940,676,48,103
940,676,48,103
940,676,48,103
941,676,48,103
941,677,48,103
941,676,48,103
941,676,48,103
941,676,48,103
941,676,48,103
941,676,48,103
942,677,48,103
942,677,48,103
942,676,48,103
942,677,48,103
942,677,48,103
942,677,48,103
942,676,48,103
941,676,48,103
941,676,48,103
941,677,48,103
941,677,48,104
941,677,48,104
941,678,48,103
942,678,48,103
941,678,48,103
941,678,48,103
940,677,49,104
940,677,48,104
940,677,48,104
941,677,48,103
941,676,48,103
941,676,48,103
942,677,48,103
942,677,48,103
942,676,48,104
942,675,48,103
942,675,48,103
942,675,48,103
943,675,48,103
943,675,48,103
943,675,48,103
942,674,48,103
943,671,48,103
943,672,48,102
943,670,48,103
943,671,48,103
944,666,48,104
943,666,49,105
944,658,48,103
945,659,48,103
945,612,48,103
945,598,48,103
945,599,48,102
945,593,48,104
944,593,49,105
944,591,49,104
945,587,48,104
944,586,49,105
944,582,48,104
944,582,48,104
944,561,48,104
943,551,49,104
943,551,49,104
943,546,49,105
943,547,49,105
943,545,49,104
943,545,48,104
944,542,48,103
943,540,48,103
943,535,49,105
943,530,49,105
943,530,49,105
943,525,49,105
943,525,49,105
942,513,49,105
943,514,49,104
942,507,49,105
942,502,49,106
941,502,50,107
940,502,50,107
939,502,50,107
939,501,50,107
939,503,50,107
939,503,50,107
939,505,49,105
939,506,49,104
940,508,48,103
940,508,48,102
940,510,47,100
939,510,47,101
941,512,46,98
941,510,46,101
941,510,46,100
942,511,45,99
942,512,45,99
942,512,46,100
942,512,46,101
942,512,46,100
942,513,45,98
942,513,44,98
943,514,44,97
944,514,44,97
944,515,44,97
945,514,44,97
945,514,44,97
950,515,44,97
970,515,44,97
970,515,44,97
977,516,45,98
977,515,45,98
986,516,45,99
986,516,45,98
991,516,45,98
997,517,45,99
997,517,45,98
1010,518,45,99
1009,517,45,99
1019,518,46,100
1025,517,46,102
1025,517,46,101
1037,518,47,102
1038,518,47,102
1045,518,46,102
1056,519,46,103
1056,519,46,103
1072,519,47,104
1072,519,47,104
1081,520,47,105
1085,520,47,105
1086,521,47,104
1087,521,47,104
1087,521,47,104
1086,520,47,105
1086,521,47,104
1086,520,47,105
1086,520,47,105
1085,519,48,105
1085,517,49,108
1086,519,48,106
1086,518,48,107
1086,517,49,108
1085,517,49,109
1086,518,49,108
1086,518,49,108
1085,518,49,108
1084,518,49,108
1084,519,48,106
1083,518,48,107
1083,518,48,107
1083,518,49,108
1083,518,48,107
1083,519,48,106
1082,519,48,105
1083,519,47,105
1083,519,48,106
1083,519,48,106
1083,519,48,105
1083,520,47,105
1082,519,48,106
1082,519,48,106
1082,520,47,105
1082,521,47,104
1083,521,47,104
1082,521,47,105
1079,521,47,103
1079,521,47,103
1075,520,47,104
1076,521,46,103
1060,521,46,102
1039,518,46,103
1039,518,46,103
1033,517,47,103
1033,517,46,103
1027,516,46,103
1014,516,46,102
1013,515,47,103
1008,515,46,102
1007,515,46,102
1005,513,47,104
1005,514,46,103
1005,515,46,103
1006,515,46,103
1006,515,46,103
1008,516,46,103
1008,516,46,103
1008,516,46,102
1009,516,46,103
1009,515,46,102
1009,516,46,102
1010,517,46,102
1009,516,46,103
1009,516,46,102
1010,517,46,102
1010,517,45,101
1011,517,45,101
1011,517,46,102
1011,517,46,101
1014,517,46,101
1018,517,46,102
1018,517,46,103
1024,518,46,103
1024,518,46,102
1032,519,46,102
1039,520,46,103
1039,520,46,102
1050,521,46,101
1050,522,46,101
1065,524,45,100
1093,528,45,99
1093,529,44,98
1103,530,44,98
1104,531,43,96
1114,533,43,95
1114,534,42,94
1121,536,42,94
1121,536,42,94
1128,538,43,96
1137,540,43,96
1136,540,43,96
1146,543,44,97
1145,541,44,97
1164,545,44,98
1174,547,44,98
1174,547,44,98
1183,549,44,98
1183,548,45,100
1193,549,45,100
1193,549,45,100
1204,552,45,101
1213,552,46,102
1214,553,46,102
1233,557,45,100
1234,558,44,99
1247,563,45,100
1259,565,45,100
1258,566,45,100
1269,568,45,100
1269,568,46,102
1280,571,46,103
1280,571,46,103
1290,573,47,104
1298,574,47,104
1300,576,47,104
1305,578,47,104
1306,578,47,104
1310,580,43,100
1312,580,43,99
1313,582,43,99
1313,583,44,101
1314,584,44,102
1314,587,44,102
1314,587,44,102
1316,588,44,102
1317,591,43,100
1319,593,42,98
1319,592,42,98
1319,592,42,99
1319,592,43,100
1321,592,43,102
1322,593,43,101
1322,593,43,100
1323,594,42,98
1323,594,42,98
1323,594,43,100
1324,594,43,101
1323,595,43,99
1322,597,47,101
1323,598,47,101
1323,598,47,101
1323,598,48,103
1323,598,49,101
1323,599,50,103
1327,601,48,104
1326,600,49,106
1329,602,49,102
1328,602,49,100
1333,604,49,105
1333,603,49,105
1331,605,54,103
1331,604,57,104
1335,604,53,104
1339,605,53,103
1338,605,53,103
1339,605,53,103
1343,607,53,103
1342,607,53,103
1343,608,53,103
1343,608,53,104
1347,608,53,103
1347,608,53,103
1348,609,53,103
1353,611,53,103
1353,611,53,103
1363,613,52,102
1363,613,52,102
1384,618,51,101
1383,617,51,101
