997,476,65,120
997,476,65,119
997,476,65,120
997,476,65,119
995,473,65,120
995,473,65,120
995,473,65,120
995,468,65,113
995,468,66,114
995,469,66,115
992,465,66,119
993,466,66,114
993,466,66,114
993,466,66,114
990,464,66,114
990,464,66,114
990,465,66,114
985,460,68,118
985,459,68,118
984,459,68,118
980,456,68,118
980,457,66,114
980,457,66,115
981,458,66,113
975,454,66,113
975,455,65,112
975,454,65,112
971,452,65,112
971,451,67,115
971,451,67,115
967,448,67,116
968,448,67,115
968,448,67,115
967,448,67,115
965,443,67,115
965,443,66,114
964,443,66,115
963,438,65,113
962,438,66,114
962,438,66,115
958,435,66,114
959,435,65,113
959,436,65,112
960,436,65,112
953,435,65,113
953,435,65,113
953,435,65,112
944,431,65,112
944,431,64,111
944,431,64,111
936,429,64,111
936,429,64,110
935,428,64,111
935,429,64,111
927,425,64,111
927,426,64,111
927,425,65,112
920,423,65,112
920,424,64,111
920,424,64,111
913,421,64,110
913,421,64,111
912,421,64,110
913,421,64,110
905,417,64,111
905,417,64,111
905,417,64,110
898,413,64,110
898,413,64,110
898,413,64,110
883,412,73,107
883,412,73,109
881,412,75,107
882,412,75,109
876,410,71,105
873,410,74,108
874,410,73,107
873,406,64,107
873,406,64,107
873,407,64,102
863,403,63,106
863,403,63,109
863,403,63,109
863,404,63,109
856,402,63,109
856,402,63,109
856,402,63,109
849,400,63,109
850,401,63,109
850,401,63,108
850,400,63,108
843,397,63,108
844,397,62,108
844,397,62,108
835,393,63,107
836,393,62,108
835,393,63,108
831,390,62,107
831,392,62,104
831,392,62,104
831,392,62,104
817,390,69,105
818,390,67,106
816,389,69,107
817,388,63,106
817,388,63,105
817,388,62,104
809,386,62,104
809,385,62,103
809,385,62,103
809,385,62,102
802,382,62,104
802,382,62,104
802,382,63,104
794,380,62,104
795,380,63,104
794,380,62,104
788,380,61,102
787,379,62,104
788,379,62,103
788,379,62,102
781,376,61,101
781,375,62,102
781,376,62,102
775,373,61,101
775,372,61,101
775,372,61,102
768,369,61,102
762,369,68,103
761,369,68,102
764,369,66,103
752,368,71,103
748,369,75,103
749,368,73,103
747,367,64,103
748,366,65,99
747,366,62,101
741,363,62,100
742,363,60,100
742,363,60,100
742,363,60,100
735,361,59,99
735,360,60,100
735,360,60,100
727,359,60,100
727,359,60,100
727,359,60,100
719,358,60,100
719,358,60,100
719,358,60,99
718,358,60,99
711,355,59,99
711,355,59,99
711,355,59,99
704,351,60,99
704,351,60,100
703,352,60,100
690,349,61,101
691,349,62,103
689,351,68,100
689,351,68,102
681,349,68,102
687,348,62,103
687,347,62,104
677,345,62,103
677,345,62,104
677,345,62,103
669,343,61,102
670,344,61,101
670,344,61,101
670,344,61,101
662,342,61,101
662,342,61,101
661,341,61,101
653,341,60,101
654,341,61,101
653,341,60,101
644,339,60,100
644,339,60,100
644,339,60,100
644,339,60,100
636,336,60,100
636,336,60,100
636,337,60,101
628,334,60,100
628,335,59,99
628,335,59,99
608,335,72,100
605,334,74,100
604,335,76,101
607,336,72,98
604,334,62,98
604,335,64,94
607,333,61,99
595,332,57,95
594,333,60,93
594,333,61,96
587,331,54,97
586,332,54,94
586,332,55,94
586,332,54,94
578,331,54,94
579,331,54,94
578,331,54,94
570,329,55,95
570,329,55,95
571,329,55,96
563,326,55,96
560,327,55,93
560,326,56,92
562,326,56,97
555,323,56,98
554,323,56,98
554,322,57,99
547,321,57,99
547,322,56,97
547,322,56,97
538,322,55,96
538,321,55,96
539,323,54,94
540,322,54,93
532,320,54,94
533,320,54,94
534,320,54,94
525,317,54,93
523,317,60,93
523,317,60,93
518,316,59,91
518,316,58,90
518,316,58,90
518,317,57,89
512,316,58,90
512,315,58,91
512,315,59,91
506,315,57,89
506,314,57,94
508,313,55,94
503,309,57,91
502,310,56,94
502,310,56,94
502,310,56,94
497,307,56,95
494,309,56,93
492,309,56,92
488,309,56,93
488,309,56,93
487,309,56,93
487,308,56,93
487,308,56,93
487,308,56,93
487,308,56,93
487,308,56,93
487,308,56,93
487,308,56,93
487,308,56,93
487,308,56,93
487,308,56,93
487,308,56,93
487,308,56,93
487,308,56,93
487,308,56,93
487,308,56,93
487,308,56,93
487,308,56,93
487,308,56,94
487,308,56,93
486,308,56,94
489,308,56,93
486,308,56,94
487,307,56,93
488,308,56,94
485,307,55,92
485,307,55,93
485,307,55,92
425,293,55,92
426,294,54,91
425,294,55,92
421,292,55,93
422,293,55,92
421,292,55,92
423,292,55,92
420,290,44,89
418,290,45,88
415,290,50,89
408,289,45,87
406,289,46,86
407,288,46,88
400,286,52,89
402,288,51,89
401,286,49,89
401,287,52,89
394,284,55,93
394,285,55,92
394,285,55,92
384,284,54,91
385,282,55,92
384,282,55,92
374,281,55,91
377,280,55,91
377,280,54,91
378,281,54,90
370,280,54,90
370,281,54,88
370,281,54,88
363,280,54,88
363,280,54,88
363,281,54,88
352,278,55,89
353,279,54,88
353,278,55,89
352,278,55,89
346,276,55,90
345,276,55,90
345,276,55,90
338,274,55,90
338,275,55,90
337,274,55,90
334,274,55,89
333,274,54,88
333,274,54,88
334,274,54,87
327,272,54,87
327,272,53,87
328,272,53,87
320,270,54,88
320,270,55,89
320,270,55,89
314,267,55,90
314,267,55,90
314,267,55,90
315,267,55,90
310,267,55,90
309,267,55,89
309,267,55,89
302,266,55,89
302,265,55,90
302,266,55,90
296,263,55,90
295,262,55,90
296,263,55,90
295,262,55,90
292,260,54,88
291,260,54,88
292,261,54,88
286,259,55,89
286,259,54,89
286,259,55,89
280,259,54,88
280,259,54,88
282,259,54,88
282,259,54,88
277,255,54,88
277,255,55,89
278,254,54,89
273,253,54,89
273,252,54,88
274,253,54,89
268,252,54,88
269,252,54,88
268,252,54,88
268,252,54,88
263,252,54,88
263,251,54,88
262,251,54,88
256,250,54,88
255,250,54,88
255,249,54,88
251,246,53,87
250,247,53,87
249,247,53,87
251,247,53,87
245,245,53,87
246,245,53,87
245,245,53,87
240,244,53,87
238,243,54,88
239,244,54,87
236,243,53,88
236,243,53,88
236,243,53,88
236,243,53,88
232,241,54,90
232,241,54,90
232,241,54,90
228,238,55,91
227,238,55,91
228,238,55,91
221,236,56,93
221,236,56,94
222,236,56,92
222,236,55,92
215,236,54,90
215,237,54,90
214,236,55,91
208,234,55,91
208,234,55,92
208,234,56,92
204,232,56,92
204,232,56,92
204,232,55,92
205,232,56,93
199,230,55,92
199,230,55,92
199,230,55,91
193,229,55,91
194,229,55,92
194,229,55,92
190,228,55,91
190,228,54,90
190,229,54,89
191,229,54,89
184,226,54,89
185,227,53,89
184,226,53,88
181,225,53,88
181,225,53,89
181,225,53,89
177,224,53,89
177,225,53,88
177,225,53,89
176,224,54,89
166,224,54,89
167,224,54,90
166,224,54,90
161,221,54,90
162,222,54,90
162,222,54,90
162,222,54,90
158,220,55,91
158,220,54,90
158,220,54,90
154,219,53,88
154,220,52,87
154,220,52,87
149,219,52,86
149,219,52,86
149,219,52,86
150,219,51,85
144,218,52,87
143,217,53,88
143,217,53,89
138,215,54,89
137,215,54,89
138,215,54,90
133,214,54,90
133,214,55,91
133,214,54,90
133,214,54,90
127,214,54,90
126,214,54,90
126,214,54,90
119,212,54,89
120,212,53,89
120,212,53,88
115,210,53,88
115,210,53,88
115,210,53,88
115,210,53,89
110,209,53,89
110,209,53,87
110,209,53,88
105,208,52,87
105,208,52,87
106,209,52,86
100,207,52,86
100,207,52,86
100,207,52,86
100,207,52,86
96,205,52,87
96,205,53,88
96,205,53,88
90,204,53,87
90,204,52,87
90,203,52,87
83,204,52,87
83,204,52,86
83,204,52,86
83,203,52,86
77,202,52,86
77,202,51,85
77,202,51,85
71,201,51,85
71,201,52,86
71,201,52,86
66,198,52,86
67,199,52,86
67,199,51,85
67,199,51,85
64,199,51,84
64,199,50,84
64,199,50,84
59,198,50,83
58,198,50,83
58,198,50,83
53,196,50,83
53,196,50,84
53,196,51,84
53,196,51,85
49,194,51,85
49,194,51,85
49,193,52,86
45,192,52,86
45,192,51,85
46,193,51,85
41,192,51,84
41,192,50,83
41,193,50,83
41,193,50,84
35,191,51,84
35,191,51,85
35,190,51,85
32,189,51,85
31,188,51,85
31,188,51,85
28,187,50,84
28,188,51,84
28,188,50,83
28,188,50,83
24,187,50,83
24,187,50,82
25,188,50,82
21,186,50,83
20,186,50,83
21,186,50,83
17,184,50,83
17,184,50,84
16,184,50,84
17,184,51,84
12,182,50,84
13,182,50,84
13,182,50,84
8,182,50,84
8,182,50,83
8,182,49,82
2,182,49,81
3,182,49,81
3,182,49,82
3,182,49,81
0,180,49,82
0,180,49,82
