947,528,43,104
947,529,43,104
948,529,43,105
948,530,43,103
948,531,42,103
948,532,42,102
949,533,42,102
949,533,42,103
949,535,42,102
950,535,42,101
951,537,44,111
951,538,43,112
952,538,42,110
953,541,43,108
955,540,41,103
955,540,41,104
957,542,41,103
957,542,40,102
957,542,41,102
957,542,41,102
958,542,40,102
958,543,41,102
958,543,41,102
959,544,40,101
959,544,41,102
959,544,40,108
960,547,40,110
960,547,40,108
960,548,39,108
960,549,39,107
960,551,43,109
960,552,43,108
959,553,43,108
959,553,43,108
959,554,42,108
959,555,42,107
958,555,42,106
957,555,42,105
957,555,42,107
957,555,42,108
957,557,42,107
957,557,42,106
956,559,50,109
956,559,50,106
956,559,53,106
956,560,54,104
953,560,56,110
953,561,57,107
953,564,56,112
954,566,55,113
954,566,55,116
955,569,53,112
954,569,53,112
955,571,47,114
955,571,46,113
954,570,44,112
955,572,43,111
955,572,43,110
956,574,43,109
956,574,43,109
956,575,43,109
957,575,43,109
956,576,43,109
956,576,43,109
956,577,43,108
955,577,46,114
954,577,48,116
954,577,48,117
954,581,48,115
954,581,47,115
951,583,52,118
952,583,51,118
951,584,51,118
950,584,51,118
950,584,50,117
949,586,50,115
948,586,50,116
947,587,51,118
947,586,51,118
947,586,51,118
947,586,51,118
947,588,51,118
947,589,51,123
947,589,51,124
948,592,48,124
948,592,48,124
948,594,48,123
948,594,48,123
949,596,47,121
949,597,47,122
949,598,47,123
950,600,46,121
951,601,46,120
954,603,48,120
955,604,48,120
955,604,48,119
956,604,50,119
957,604,50,118
958,605,50,118
961,606,50,118
961,605,50,119
962,607,49,117
961,607,52,117
964,610,49,127
966,610,49,124
967,611,48,122
968,613,48,121
968,613,48,121
969,615,47,124
969,615,47,124
970,615,47,124
969,618,48,126
969,618,48,126
970,620,48,126
971,620,48,126
971,621,48,126
971,621,48,126
972,621,47,125
971,621,47,124
971,622,47,123
971,622,47,124
972,624,47,123
973,626,47,123
974,629,47,123
974,629,47,123
975,631,50,124
975,631,50,124
976,632,51,127
977,633,52,129
977,633,52,130
978,636,54,128
978,635,55,128
979,637,56,128
981,639,53,126
982,641,53,125
983,639,55,128
983,639,55,128
987,641,52,124
986,642,54,123
991,643,54,123
992,643,54,121
993,645,54,121
995,647,54,120
995,648,54,121
997,651,54,120
997,650,53,121
998,651,53,121
998,651,54,123
998,653,54,122
999,654,54,123
998,655,54,122
999,656,54,129
999,656,53,130
996,655,54,128
996,658,55,127
996,659,55,126
997,659,54,126
997,661,54,124
997,660,55,127
997,659,56,130
997,661,55,127
997,662,55,128
997,662,55,127
998,662,55,127
1000,666,55,128
1000,666,55,128
1001,667,56,130
1002,669,55,131
1003,670,55,131
1003,670,55,131
1004,670,56,133
1002,675,62,130
1002,676,62,128
1000,677,72,127
997,671,74,134
993,676,89,129
988,680,114,124
984,680,117,123
992,679,109,124
992,679,108,123
993,679,109,124
993,680,109,124
1007,679,90,124
1003,681,93,124
1009,681,74,123
1011,682,67,129
1010,686,69,127
1014,686,64,129
1015,690,60,133
1016,691,58,130
1015,692,59,133
1015,693,58,132
1015,693,58,132
1015,692,59,133
1015,692,59,134
1015,692,59,134
1011,693,63,132
1007,692,74,135
1007,692,74,135
998,692,87,135
998,692,86,134
974,698,129,129
971,702,134,126
971,702,134,126
970,703,135,127
970,704,135,127
971,707,133,125
971,703,132,131
974,706,124,136
978,709,119,130
978,709,119,130
992,712,91,130
995,713,89,130
998,715,79,133
1001,718,70,127
1002,719,72,128
1002,720,64,127
1002,721,66,126
1002,721,62,126
996,721,74,126
999,722,71,126
984,723,91,125
988,722,89,125
969,722,129,124
968,722,132,124
969,722,136,125
970,724,134,124
969,725,137,126
969,724,136,135
969,724,136,134
974,725,122,139
979,717,109,149
979,718,109,149
988,723,93,147
988,723,93,147
999,724,70,144
999,727,70,144
1000,728,70,144
999,733,70,137
999,734,70,135
999,735,70,135
999,735,70,135
998,738,70,131
998,738,70,131
998,739,70,131
998,740,70,131
998,740,70,131
997,741,75,130
997,741,75,130
978,743,103,140
970,745,123,141
970,745,123,140
963,748,138,140
963,748,137,140
965,751,138,137
970,753,128,139
970,753,127,138
984,754,108,140
987,754,103,139
1003,757,80,136
999,757,82,135
1009,759,52,133
1009,760,52,133
1008,760,52,133
1008,761,52,133
1008,761,52,132
1008,762,56,132
1008,763,56,130
1008,763,56,130
1009,765,55,127
1009,766,54,126
1008,765,46,128
1008,765,46,128
1008,765,46,128
1008,764,46,129
1009,764,46,129
1009,764,46,130
1005,764,51,131
1005,764,51,131
1007,766,51,130
1007,766,51,130
1004,766,56,130
1005,766,55,130
1005,766,59,131
1007,766,57,131
1008,768,57,131
1014,771,52,127
1014,768,52,131
1017,770,52,129
1017,770,52,129
1018,770,52,129
1021,769,53,130
1021,771,52,128
1027,772,52,129
1024,771,57,129
1024,770,66,135
1025,770,83,138
1021,769,84,137
1021,770,84,137
1021,770,84,136
1014,772,96,136
1016,773,95,134
1013,773,99,135
1014,775,97,133
1014,775,97,132
1015,778,95,129
1015,778,94,128
1016,779,81,131
1017,778,66,132
1017,778,65,132
1018,776,63,132
1019,777,62,129
1023,776,55,132
1023,776,56,133
1024,777,56,131
1025,777,56,131
1024,777,56,131
1024,775,57,134
1025,775,58,135
1025,776,57,134
1025,777,57,133
1031,777,61,131
1030,777,67,132
1030,777,67,132
1031,777,67,132
1030,778,67,132
1031,778,67,131
1032,779,66,130
1033,780,66,129
1034,779,67,131
1034,780,66,130
1035,781,66,130
1035,781,66,130
1035,782,62,129
1036,783,63,129
1037,783,58,127
1038,784,58,126
1038,784,58,126
1039,785,57,125
1042,786,57,124
1042,786,56,124
1042,787,56,122
1043,787,56,123
1046,787,56,123
1046,786,57,125
1047,786,57,124
1049,786,57,125
1049,786,57,124
1049,786,57,126
1052,787,57,124
1054,787,57,124
1055,789,57,124
1055,789,57,124
1057,789,57,124
1058,789,57,124
1053,789,64,125
1054,790,68,120
1053,787,67,124
1055,786,68,127
1055,785,69,128
1058,786,69,128
1061,786,69,128
1061,786,69,124
1064,786,68,125
1065,787,68,125
1067,789,68,121
1067,787,68,124
1078,788,63,121
1093,793,55,128
1093,793,55,128
1096,793,55,128
1096,793,55,129
1099,795,54,126
1100,796,53,124
1101,796,54,125
1099,796,59,120
1102,797,59,120
1097,798,67,119
1099,799,65,118
1104,796,65,124
1103,797,65,124
1112,798,65,123
1111,797,65,124
1115,797,67,128
1124,800,65,124
1124,800,65,125
1128,800,66,125
1128,801,66,126
1139,801,59,124
1138,801,64,123
1138,802,64,122
1144,804,64,122
1144,804,64,122
1143,805,75,127
1142,806,76,127
1145,807,76,127
1150,809,76,127
1150,809,76,127
1155,812,75,125
1155,811,75,126
1158,812,76,127
1184,811,63,127
1181,813,67,127
1190,815,66,124
1189,816,65,123
1191,817,64,134
1191,817,64,129
1194,819,65,134
1196,819,66,136
1196,819,66,136
1197,822,72,131
1198,824,72,131
1199,824,76,133
1200,826,77,133
1208,829,76,130
1215,830,71,130
1215,831,69,125
1225,829,66,131
1225,829,66,131
1229,831,66,131
1229,831,66,131
1233,832,66,126
1238,834,68,127
1237,834,67,125
1242,837,67,119
1243,837,67,122
1247,838,67,121
1241,838,77,121
1245,839,73,120
1251,841,74,123
1247,842,77,123
1251,844,81,124
1260,845,76,127
1261,846,74,124
1263,846,76,127
1263,846,75,126
1293,847,57,126
1294,847,54,127
1296,848,54,126
1296,849,53,124
1300,850,54,126
1305,852,53,124
1305,852,53,124
1309,855,54,126
1313,856,54,126
1312,856,54,127
1318,859,53,125
1318,860,53,124
1327,864,53,124
1331,864,53,123
1330,863,55,128
1332,866,54,127
1333,865,55,128
1336,866,54,126
1345,866,53,124
1344,866,53,124
1351,867,52,122
1350,868,52,121
1345,869,51,120
1325,867,51,119
1323,868,51,120
1306,867,50,117
1306,866,51,119
1310,869,51,119
1309,869,50,118
1314,869,50,117
1320,870,49,114
1320,871,49,114
1321,870,50,116
1321,869,51,118
1324,870,50,116
1323,870,49,114
1326,872,49,115
1325,872,50,116
1328,873,50,117
1337,877,50,115
1337,876,49,114
1337,879,48,111
1337,879,48,110
1329,880,47,109
1319,879,48,110
1318,878,48,110
1312,880,47,109
1311,879,48,110
1308,879,47,109
1310,880,47,108
1310,879,46,107
1308,881,46,107
1310,881,46,107
1310,881,47,108
1310,881,47,108
1307,881,46,107
1307,881,46,107
1307,882,46,106
1307,882,46,105
1307,882,46,106
1310,883,46,106
1310,883,46,106
1315,884,45,103
1313,883,44,103
1316,883,44,102
1306,883,46,106
1307,882,47,108
1304,881,47,109
1300,880,47,109
1300,880,47,109
1299,880,46,107
1299,880,46,107
1297,881,45,106
1292,881,53,111
1292,884,56,110
1292,885,55,108
1292,886,54,107
1292,887,54,106
1292,887,54,106
1293,888,54,107
1294,889,54,108
1294,889,54,108
1294,890,54,108
1296,890,54,109
1294,891,55,110
1287,888,55,111
1289,889,54,110
1284,889,55,110
1284,889,54,110
1278,889,53,108
1280,889,53,107
1275,890,52,105
1275,889,52,106
1269,889,53,106
1263,889,53,106
1263,889,53,107
1256,889,53,106
1256,889,52,105
1251,889,52,104
1249,888,51,103
1249,888,51,103
1243,887,52,104
1241,888,52,106
1236,887,52,105
1235,886,53,106
1233,885,52,106
1230,886,53,107
1231,887,52,105
1224,887,52,104
1224,888,51,103
1214,888,51,103
1208,888,51,104
1208,888,51,103
1206,889,50,102
1206,889,50,101
1205,890,50,102
1202,892,49,100
1204,891,49,99
1199,890,50,103
1197,890,52,106
1175,887,52,107
1174,887,52,107
1167,885,52,107
1162,884,54,111
1161,883,55,112
1160,884,53,108
1159,884,53,108
1158,886,52,107
1158,886,51,105
1159,887,51,104
1160,889,50,103
1160,889,51,103
1158,886,51,105
1158,885,52,107
1156,886,51,104
1156,885,51,105
1152,885,53,107
1150,882,54,109
1149,882,54,111
1149,882,55,113
1148,884,55,111
1147,884,55,112
1145,882,56,113
1141,883,56,113
1125,882,55,111
1124,881,56,112
1119,880,56,114
1117,879,56,114
1119,880,56,113
1119,880,56,112
1114,881,55,111
1112,880,55,111
1112,880,55,110
1114,879,55,111
1114,879,55,112
1118,877,55,112
1120,878,55,112
1119,878,56,112
1122,878,56,114
1122,877,57,115
1124,878,56,114
1124,877,57,115
1126,878,57,116
1129,877,56,114
1129,876,57,114
1137,875,56,114
1137,875,56,114
1138,878,56,114
1137,876,57,115
1139,873,56,114
1137,874,56,113
1138,873,56,113
1134,872,56,113
1134,872,56,113
1126,871,56,114
1126,871,56,114
1119,871,56,113
1115,870,56,114
1115,871,56,113
1115,870,55,112
1114,871,55,112
1114,870,55,112
1114,870,55,112
1114,869,56,112
1114,870,56,112
1114,870,56,112
1115,870,56,112
1115,870,56,112
1116,870,56,112
1116,870,56,112
1114,870,55,112
1113,871,55,112
1114,870,55,112
1114,872,56,112
1113,872,55,112
1112,872,56,113
1112,872,56,113
1112,874,56,113
1108,871,56,113
1108,872,56,114
1103,871,56,114
1103,870,56,113
1100,868,55,112
1099,869,55,111
1096,868,55,110
1097,868,54,109
1097,868,54,109
1098,869,54,109
1099,869,54,108
1100,872,54,109
1100,872,54,110
1101,873,54,109
1101,872,54,109
1102,872,54,110
1099,873,54,110
1099,872,54,110
1094,875,55,110
1092,875,55,110
1082,873,55,110
1075,873,55,111
1076,873,55,111
1075,873,55,110
1073,874,55,110
1072,873,54,109
1069,875,54,108
1070,875,54,109
1068,876,54,109
1068,875,54,109
1065,876,54,110
1064,877,55,111
1052,877,55,111
1050,878,55,111
1050,877,55,111
1048,878,55,110
1048,877,55,111
1047,879,55,111
1043,879,55,111
1044,879,55,111
1040,880,55,112
1042,880,55,112
1039,881,55,112
1040,882,55,111
1039,882,63,126
1034,885,66,128
1035,887,68,125
1031,887,69,127
1031,886,69,127
1029,888,67,124
1029,889,67,122
1028,890,66,121
1026,890,67,123
1026,890,67,122
1022,893,68,125
1021,891,64,127
1024,892,57,127
1023,892,63,125
1019,894,60,119
1020,894,58,121
1021,894,60,122
1020,894,59,123
1020,895,58,121
1019,898,59,123
1020,903,60,125
1018,902,62,129
1018,904,62,129
1019,904,62,129
1016,905,64,132
1016,905,64,132
1016,906,65,133
1017,907,64,132
1018,907,63,129
1019,908,62,128
1017,908,63,129
1016,908,63,130
1016,909,62,129
1017,911,62,129
1022,911,57,134
1023,911,56,136
1022,915,56,136
1022,915,56,136
1022,917,55,134
1019,919,55,135
1018,920,55,135
1015,920,56,136
1014,920,55,135
1011,924,56,135
1002,925,59,133
1001,924,62,133
1001,926,57,131
1001,925,55,133
997,927,57,129
997,929,59,126
995,932,58,125
997,934,52,121
996,933,57,121
994,933,56,124
994,935,51,123
992,937,51,124
993,937,50,123
