359,254,50,86
368,255,45,86
372,254,44,82
378,254,46,82
378,258,59,77
386,257,61,77
399,253,59,82
417,254,57,84
439,252,48,84
454,249,48,83
473,248,49,82
483,242,49,85
492,243,52,78
503,241,54,75
513,241,55,82
535,244,47,82
543,241,49,84
558,240,43,81
565,239,42,83
569,239,43,78
566,235,48,80
562,235,55,81
554,236,62,83
546,237,63,81
541,240,56,84
537,245,53,81
530,247,50,80
518,248,48,83
505,252,48,77
488,254,61,78
483,253,67,83
480,264,65,75
478,268,65,75
486,272,53,75
486,277,52,74
499,280,41,73
506,284,37,67
505,287,47,63
510,288,48,66
510,291,54,64
516,294,57,66
519,293,59,67
530,295,54,66
543,298,46,65
548,300,47,67
559,300,41,64
570,300,38,63
572,297,42,63
575,295,45,67
582,297,46,65
588,297,46,64
598,296,40,62
610,294,36,64
618,293,33,60
620,290,37,60
619,287,42,58
622,283,45,63
623,280,52,65
624,276,47,66
622,274,48,68
624,270,46,67
626,268,41,63
620,266,42,60
615,258,43,66
605,256,46,66
596,251,49,69
588,250,50,68
585,246,41,70
575,245,42,67
567,243,35,64
549,240,43,66
528,238,50,62
514,235,50,63
499,236,52,64
484,236,57,67
479,238,49,66
471,241,48,66
468,243,46,66
468,245,42,66
465,249,40,61
462,253,43,63
459,257,47,67
462,264,45,67
463,267,47,67
470,276,51,65
485,282,43,66
497,290,41,65
511,297,41,60
531,303,41,60
550,307,41,60
562,312,48,61
579,317,51,62
596,323,49,65
614,326,49,64
628,332,48,63
646,335,41,68
657,339,44,64
667,342,43,63
677,343,43,62
686,342,43,63
691,343,46,69
699,344,45,65
703,343,48,65
710,342,43,66
715,342,41,66
719,339,37,63
717,334,37,61
710,330,38,60
701,322,40,63
684,314,50,62
671,307,51,63
656,298,53,65
644,290,51,67
634,281,46,67
622,274,43,63
611,267,39,63
594,258,45,64
576,250,45,66
562,248,44,64
548,242,51,69
542,241,45,66
536,240,45,65
534,239,44,65
538,240,37,66
542,240,33,65
538,244,41,62
540,245,42,61
542,248,50,58
548,251,52,58
551,252,51,59
560,255,47,57
571,258,40,58
583,263,35,55
592,266,33,52
598,269,32,50
601,272,34,49
606,271,36,51
608,277,35,47
616,280,35,46
623,284,34,43
630,286,28,44
638,286,25,43
645,289,22,41
645,290,23,40
644,292,25,37
645,295,25,35
644,298,27,35
644,300,27,33
646,303,23,32
648,307,22,33
648,312,20,33
646,316,20,33
645,322,19,32
642,329,19,31
636,336,19,31
625,345,19,30
612,352,23,32
605,361,18,30
589,367,18,30
573,371,18,30
554,375,18,30
537,378,18,30
517,377,23,31
501,378,24,31
486,378,24,33
470,381,24,33
456,384,22,33
439,385,22,35
427,386,24,35
416,387,25,38
403,387,26,38
391,387,29,39
382,387,32,42
373,387,33,43
369,388,33,41
364,387,32,44
358,387,30,47
354,386,28,48
350,384,27,50
342,384,33,49
333,383,38,51
328,383,44,52
323,383,47,53
320,384,46,52
321,387,44,53
322,386,39,57
325,387,39,57
328,381,38,60
326,374,45,61
332,366,44,62
336,358,47,64
342,350,53,65
350,343,53,65
358,336,54,66
370,329,52,71
385,325,45,71
396,320,41,74
403,314,41,75
403,310,50,72
408,306,56,72
415,304,57,73
419,302,60,75
428,299,60,80
438,295,55,85
450,298,51,83
459,294,54,86
462,292,54,86
462,293,60,87
468,290,63,91
474,289,73,91
485,290,63,91
494,290,65,94
506,292,60,94
523,294,55,93
540,291,46,96
541,292,54,95
546,289,60,98
555,283,66,96
561,284,77,89
567,283,73,92
577,279,73,93
591,277,66,95
606,275,65,95
624,274,55,95
631,268,56,95
629,265,64,91
630,262,66,94
631,259,76,97
633,260,82,92
641,259,78,94
645,261,71,94
657,261,57,93
663,262,53,91
668,261,52,91
663,260,58,94
661,259,60,92
655,258,67,90
649,258,76,92
649,261,76,89
646,263,74,90
646,264,62,93
645,268,57,94
637,273,57,92
625,276,57,94
603,283,65,93
588,288,68,93
578,294,72,93
567,301,78,91
568,306,69,93
564,310,67,97
576,316,51,92
583,322,49,88
581,324,56,90
577,326,65,87
584,328,67,84
588,328,75,85
598,330,73,87
609,333,67,88
628,335,60,90
641,336,59,86
650,337,60,88
653,337,64,91
659,339,66,89
666,341,75,89
673,342,77,90
677,341,76,89
690,345,66,90
705,347,57,89
719,349,50,86
723,346,54,88
721,343,62,90
720,344,68,86
723,339,75,86
724,334,80,88
727,326,68,90
727,313,61,92
726,304,55,89
714,289,61,88
697,273,63,89
679,261,63,92
662,254,69,89
651,245,79,90
647,240,78,89
654,236,64,88
662,232,54,88
673,229,49,90
670,226,58,87
671,226,64,87
672,224,70,85
682,223,77,87
688,222,80,91
703,224,71,90
716,226,60,92
734,227,56,89
748,228,55,90
750,230,63,87
754,232,67,88
768,233,70,89
774,235,78,89
788,236,70,90
808,237,58,94
820,237,58,94
833,243,51,88
832,244,57,85
831,245,64,82
837,247,67,85
838,249,69,83
837,252,66,84
841,256,54,84
836,259,52,80
831,260,49,78
805,261,58,77
775,264,60,77
737,265,66,76
705,269,65,74
673,273,63,74
644,275,54,71
618,280,44,68
593,283,41,68
565,285,43,67
540,289,47,63
518,291,51,59
508,292,50,58
499,294,47,59
498,299,39,59
500,300,36,57
501,302,34,56
500,302,36,57
504,304,36,53
505,304,39,54
512,305,41,51
518,307,41,51
526,309,33,49
537,311,25,48
545,313,24,45
546,311,29,47
548,311,33,46
551,312,35,45
558,312,35,45
566,313,31,46
573,313,31,48
581,312,30,49
587,314,29,47
586,314,34,47
589,314,35,47
592,315,38,46
599,315,37,46
607,316,33,46
616,318,28,46
625,318,28,46
631,318,28,47
635,318,28,47
642,319,28,46
644,318,36,46
648,320,35,47
654,321,33,48
663,323,30,49
670,325,30,49
676,326,29,49
681,328,29,48
681,330,35,47
686,331,35,48
690,333,38,50
695,337,37,50
703,340,27,50
704,345,28,47
703,345,29,48
697,345,31,49
689,346,34,47
679,345,36,48
667,345,40,48
654,344,35,47
642,343,29,47
624,342,28,45
603,337,29,47
574,334,36,47
552,330,35,46
530,325,37,46
511,322,38,46
499,319,31,46
492,316,25,48
485,314,24,48
475,311,29,48
472,308,28,47
468,306,32,46
466,304,35,44
469,305,32,43
475,303,29,47
476,303,28,47
478,303,28,46
477,300,28,46
470,300,34,46
466,299,35,46
464,297,36,46
464,297,33,46
464,297,28,46
463,296,28,47
465,296,26,47
463,294,28,47
462,293,28,46
460,293,33,46
461,292,37,48
462,292,41,46
468,291,35,47
472,293,33,47
480,294,28,47
487,295,28,46
494,294,30,47
498,294,34,47
510,293,35,46
525,294,37,46
547,294,37,46
568,294,36,48
593,294,32,49
615,294,29,48
632,294,31,49
647,293,31,49
657,292,35,48
668,292,36,46
679,293,37,44
690,294,34,45
699,295,31,44
705,296,28,45
704,298,27,46
693,300,32,46
681,304,35,45
667,311,35,45
650,321,36,45
635,334,35,45
626,346,26,45
605,360,28,46
589,370,26,47
574,379,27,48
559,389,30,47
547,394,33,48
535,401,36,46
532,408,38,45
528,411,38,47
528,415,32,48
529,419,32,47
533,421,29,47
534,421,30,46
534,423,32,47
534,423,36,47
533,425,39,44
538,424,36,46
537,424,38,48
540,425,36,46
546,425,31,47
548,425,26,47
549,424,23,48
541,422,30,47
538,423,33,46
533,421,36,46
530,421,37,44
527,420,37,46
527,419,34,47
528,418,31,47
531,419,26,44
528,416,28,44
521,414,33,46
518,413,35,46
517,411,37,48
520,413,37,46
520,412,37,49
527,413,32,48
531,414,28,48
539,414,23,47
540,413,28,47
543,413,27,46
544,412,33,45
544,411,41,45
552,413,36,44
554,411,39,46
561,410,31,47
569,408,28,48
574,405,28,48
577,400,28,47
576,395,32,46
579,390,34,46
580,383,37,49
583,377,40,48
588,373,35,47
594,367,29,49
600,362,25,47
604,356,23,45
601,348,28,47
600,341,29,46
592,334,38,47
588,330,40,45
587,326,37,46
586,324,35,45
586,322,34,46
585,320,32,45
589,319,26,45
589,317,26,45
585,316,31,45
585,315,32,46
584,315,36,44
587,315,35,44
592,315,32,45
598,316,27,45
602,316,27,46
609,317,24,46
609,317,26,44
610,317,27,45
610,318,30,43
612,319,34,43
617,320,33,45
619,323,37,44
626,324,33,46
635,324,28,44
642,325,25,43
645,325,26,44
645,326,29,44
647,326,33,45
652,327,33,44
657,327,34,46
663,329,31,45
670,330,27,46
677,331,25,47
685,332,24,45
687,333,26,45
691,334,27,43
691,334,32,44
696,334,35,46
700,336,37,45
705,337,36,47
712,339,32,47
719,340,30,46
723,341,30,45
727,341,29,46
729,342,30,46
729,342,30,49
729,343,33,49
730,345,36,48
729,347,36,48
730,348,33,47
730,349,30,49
728,351,24,47
722,351,24,47
709,352,29,47
698,352,31,46
687,353,37,47
676,353,37,47
664,353,38,50
658,355,32,48
650,356,32,49
646,359,31,45
647,359,26,46
642,359,27,45
635,356,30,46
630,351,31,48
622,345,34,49
616,333,32,50
608,325,33,49
603,317,27,46
597,309,25,46
593,302,24,46
590,296,24,45
583,290,28,46
577,287,32,44
575,284,34,46
574,281,33,47
568,282,33,46
562,281,32,46
557,281,30,47
553,282,26,46
544,282,28,45
537,283,29,44
533,284,29,45
527,285,37,50
525,285,37,49
525,287,36,48
526,289,35,47
531,290,30,47
536,292,25,47
535,293,25,45
535,294,25,44
532,295,28,43
528,296,29,41
525,297,35,46
523,299,34,44
523,299,32,46
522,302,33,44
521,304,33,44
522,306,33,44
522,308,33,44
522,308,33,45
521,309,34,45
522,311,33,45
527,312,30,45
529,315,30,44
533,317,29,46
541,318,25,46
542,319,27,47
546,320,27,45
549,322,33,45
551,323,34,46
554,324,33,46
555,325,32,46
558,330,31,42
560,329,30,44
564,330,28,44
564,330,31,50
566,329,30,53
567,332,28,51
568,333,32,50
569,333,30,51
567,335,34,51
568,336,36,50
567,337,36,49
567,340,39,53
567,340,38,57
565,342,36,57
566,344,36,58
566,344,36,59
565,345,37,57
567,345,38,56
570,343,37,60
576,341,38,65
584,337,38,67
597,331,37,70
613,324,41,75
633,315,45,80
645,311,43,77
672,299,44,79
700,286,45,81
730,273,44,80
758,259,43,80
784,248,44,81
806,237,43,79
829,232,44,75
845,226,44,80
860,220,44,84
868,216,44,88
872,214,44,88
871,213,44,88
863,211,45,89
848,211,45,90
830,210,48,95
810,211,50,92
792,212,49,96
771,213,50,97
750,215,51,96
726,217,51,95
701,217,50,95
680,218,49,94
661,220,44,94
646,221,43,94
630,223,42,96
622,226,36,93
611,228,41,93
606,233,36,92
599,237,40,90
594,239,40,88
591,244,40,84
589,247,39,84
588,248,38,82
589,249,37,81
592,249,35,80
597,248,36,81
602,249,36,79
609,246,33,82
614,246,35,82
622,250,33,77
629,248,32,73
633,248,32,72
640,248,30,68
645,245,30,70
649,244,29,68
651,242,32,68
658,240,30,65
665,234,31,68
672,227,32,72
679,221,31,70
686,213,29,72
692,206,33,73
698,199,29,74
700,192,32,65
704,185,32,66
707,178,34,66
710,170,35,71
715,160,32,73
719,156,32,70
718,153,33,71
716,153,34,74
712,158,34,76
704,166,37,82
692,182,37,81
675,204,37,83
656,230,38,84
634,258,37,83
613,290,37,83
592,324,37,82
572,361,36,82
556,397,37,82
540,436,37,83
527,477,38,85
520,513,38,86
516,552,38,85
517,580,39,88
534,589,40,90
543,594,41,92
567,585,48,93
599,577,47,89
631,559,47,89
664,541,45,85
693,522,45,85
721,501,39,88
744,478,40,90
766,453,40,90
779,427,40,90
794,409,40,90
806,393,39,87
807,379,39,87
810,373,40,89
809,364,39,89
808,355,40,90
807,350,40,90
803,347,39,87
797,347,38,86
783,348,46,86
771,352,46,85
756,358,43,83
740,368,43,83
729,375,42,82
717,383,37,83
705,391,37,84
698,399,37,84
690,402,39,87
684,404,44,85
678,404,51,91
675,403,53,91
671,400,54,87
671,397,54,84
669,393,54,81
670,389,51,85
672,382,48,85
673,372,47,90
675,362,46,96
677,353,47,93
676,344,50,93
674,337,51,91
671,331,49,85
669,323,45,83
665,322,43,83
663,317,38,86
660,314,35,91
659,311,39,92
657,310,44,96
658,312,47,96
659,317,53,90
666,324,53,85
671,334,50,81
678,343,47,85
684,353,46,84
689,359,43,88
695,364,43,91
701,365,44,96
703,368,47,94
705,368,46,95
706,369,46,89
707,370,48,84
706,370,43,81
705,370,36,84
704,369,37,86
701,366,38,88
697,363,41,92
693,360,44,93
686,357,48,93
683,355,51,88
677,353,53,83
674,353,51,77
669,354,50,79
664,355,47,82
660,357,42,83
656,358,40,82
654,356,41,86
651,356,43,92
647,356,44,92
643,356,44,91
640,357,44,88
637,356,42,81
633,359,39,78
627,359,40,79
624,358,42,83
622,356,39,84
623,356,39,86
626,355,40,87
630,355,42,91
635,356,46,91
640,357,52,88
647,361,57,86
658,364,54,81
671,368,48,76
677,371,49,75
682,372,47,79
689,373,40,81
692,372,38,84
691,370,44,87
691,369,45,86
692,366,43,88
691,366,42,86
691,366,39,82
689,367,38,83
682,367,42,80
681,369,41,81
680,370,38,79
675,372,47,79
675,375,45,82
675,377,50,84
679,383,51,81
694,388,38,74
698,394,37,71
701,399,38,74
704,403,38,74
707,406,39,77
709,411,39,76
713,413,39,79
715,415,38,81
718,418,38,83
724,420,39,85
730,422,36,84
736,424,38,85
744,426,36,88
750,427,37,85
758,429,39,86
765,430,34,84
770,429,38,84
774,429,37,83
776,426,37,82
778,423,34,83
779,420,34,85
779,417,35,83
777,414,37,82
773,411,41,83
770,410,44,81
770,408,42,81
772,405,40,80
771,404,40,83
768,403,42,80
770,400,39,80
768,398,38,79
766,395,37,79
766,392,38,79
766,388,33,80
760,385,39,84
757,381,39,85
753,378,38,83
749,376,38,83
745,373,39,83
744,373,41,83
738,371,41,84
735,370,38,84
736,368,36,87
733,366,36,86
729,364,36,86
726,362,36,86
721,360,36,86
718,357,36,86
714,357,37,86
711,355,34,87
707,354,35,88
699,351,38,88
690,351,41,84
683,349,46,86
676,346,46,85
666,344,47,86
657,339,49,88
649,335,49,88
641,332,49,89
633,327,50,90
624,323,49,89
614,320,50,86
609,316,46,86
600,313,47,85
597,310,44,87
590,306,44,85
587,304,44,87
583,302,43,88
578,300,45,88
574,299,46,90
576,298,43,89
571,296,46,91
570,297,45,90
570,298,45,89
569,296,45,90
568,297,45,89
568,297,45,90
567,295,45,90
566,296,46,89
566,296,46,89
565,295,46,89
565,295,46,89
565,295,45,88
564,295,45,87
564,296,45,87
564,294,46,88
563,294,46,89
563,294,45,87
563,294,45,87
562,294,46,89
487,226,86,182
485,225,87,184
482,223,89,188
479,220,90,191
479,216,81,189
475,215,83,187
474,212,74,187
468,209,76,185
469,209,71,186
466,208,68,180
463,206,76,185
461,204,75,184
462,204,77,188
468,207,77,185
478,209,86,187
490,216,84,182
505,222,84,188
518,226,83,185
530,231,85,181
538,234,86,183
536,231,95,184
540,236,94,180
541,236,95,176
547,230,90,182
545,228,94,183
550,221,93,191
551,218,91,190
548,214,90,197
549,212,86,195
545,206,85,191
547,206,82,182
545,206,74,172
543,204,72,173
537,202,75,176
534,197,88,186
534,191,87,183
532,189,89,190
528,187,93,186
526,185,92,184
524,183,90,176
521,183,88,175
515,182,85,166
510,176,83,176
505,173,85,179
500,170,84,177
494,160,91,189
489,157,93,193
488,153,93,196
489,149,86,192
488,154,85,177
490,156,84,166
494,158,80,168
496,166,77,171
500,170,85,181
504,172,86,182
506,174,89,190
508,176,92,195
511,182,99,190
516,190,95,182
523,195,92,168
527,200,88,165
522,207,91,165
524,206,92,170
529,207,93,178
535,204,92,185
539,201,92,192
544,201,92,194
552,200,88,193
562,202,83,188
571,205,81,171
582,212,78,164
586,215,72,170
589,224,67,170
589,222,71,179
591,223,73,188
593,225,73,190
591,226,81,194
587,229,85,191
579,233,90,179
579,237,89,161
574,241,89,165
571,246,91,168
566,244,93,175
561,241,88,182
554,238,93,193
554,232,90,197
547,228,90,201
545,221,88,195
540,219,85,189
541,221,81,177
544,221,77,166
550,226,72,170
552,229,69,175
557,232,68,183
561,238,75,182
567,242,74,189
573,254,83,193
580,264,83,190
589,280,81,172
598,295,81,170
606,312,79,164
615,324,80,166
625,336,81,178
631,351,86,178
637,359,88,189
644,371,86,191
653,382,83,194
656,393,85,188
663,403,78,178
666,414,78,167
675,422,72,164
680,431,70,168
685,436,71,174
687,437,72,183
689,438,79,187
692,438,81,188
693,440,89,186
701,445,82,173
701,441,83,164
703,443,77,159
702,442,79,163
701,439,83,171
705,432,82,187
701,424,84,189
698,418,91,191
700,414,85,192
699,406,89,187
702,404,78,174
703,405,77,162
705,399,78,164
704,400,74,167
706,396,74,173
706,390,73,178
706,384,69,181
703,374,75,185
701,365,82,195
700,365,87,183
703,359,84,174
700,354,83,163
699,353,78,161
696,346,82,169
692,338,78,178
684,330,88,182
680,322,90,188
672,312,95,195
668,306,90,191
666,303,83,185
666,297,70,176
659,295,70,166
653,295,71,164
647,294,69,173
645,288,69,176
641,285,74,181
640,280,73,186
641,275,75,187
642,273,82,188
643,272,85,180
644,271,77,159
645,273,78,161
650,273,78,164
654,269,77,174
658,266,76,183
659,265,85,188
668,264,80,195
675,268,82,183
681,269,75,175
682,275,71,164
686,282,74,165
685,284,73,171
681,285,74,185
684,284,68,191
681,288,71,184
675,292,82,188
676,295,79,182
668,298,93,181
666,302,86,171
670,307,82,160
666,314,82,160
663,318,81,166
663,320,84,175
664,321,87,182
664,319,83,187
661,318,86,186
660,315,85,196
657,315,82,187
657,314,81,177
658,317,77,163
660,321,70,162
659,325,71,161
658,325,72,169
655,323,73,181
655,322,73,187
653,319,73,192
652,317,84,197
648,320,89,185
651,323,84,169
650,326,81,162
649,331,75,160
648,332,80,169
646,332,80,173
644,327,78,182
641,325,78,188
