311,419,18,47
311,419,18,47
311,418,18,47
312,418,18,47
312,418,18,47
312,418,18,47
312,418,18,48
313,419,18,48
314,419,18,48
314,419,18,48
312,420,19,46
314,421,19,46
315,421,19,45
315,421,19,45
315,421,19,45
319,420,19,46
319,420,19,46
319,420,19,46
319,420,19,46
321,420,19,46
321,420,19,46
321,420,19,46
321,420,19,46
321,420,19,46
321,420,19,46
323,419,19,46
324,420,19,44
324,420,19,45
324,420,19,44
326,421,19,45
326,420,19,44
326,420,19,44
327,421,19,45
328,421,19,44
328,421,19,44
328,421,19,44
328,421,19,44
329,421,19,44
329,421,19,43
329,421,19,44
329,421,19,44
329,421,19,44
330,421,19,44
331,421,19,44
331,421,19,44
332,421,19,44
335,420,19,45
335,420,19,45
335,420,19,44
335,420,19,45
336,420,19,44
336,420,19,44
336,420,19,44
337,420,19,45
336,420,19,45
337,420,19,44
338,421,19,43
338,421,19,43
338,421,19,43
339,421,19,44
339,421,19,44
339,421,19,44
339,421,19,44
339,421,19,44
340,421,19,44
341,421,19,44
341,421,19,44
341,421,19,44
343,422,19,44
343,422,19,43
343,422,19,43
343,422,19,43
343,422,19,43
346,421,19,43
346,421,19,43
346,421,19,42
346,422,19,42
347,422,19,42
349,421,18,42
347,421,20,45
347,421,20,45
347,421,20,44
350,423,19,40
351,423,19,40
351,423,19,44
353,422,20,46
353,420,20,46
355,423,20,46
357,424,20,46
356,423,21,47
359,422,21,47
360,423,20,47
359,422,20,47
360,424,20,46
361,423,20,46
362,423,20,46
361,423,20,47
363,423,21,47
364,422,21,48
359,422,21,48
360,424,21,48
363,423,20,47
356,423,20,46
361,427,20,46
362,417,20,46
361,411,20,46
363,425,20,45
362,425,20,45
363,423,20,45
363,425,20,46
365,425,20,46
364,422,20,45
367,422,19,44
368,424,19,43
368,425,19,43
368,424,19,42
368,423,18,41
368,423,18,41
369,422,19,41
369,423,19,41
371,423,19,41
371,423,19,41
371,423,18,41
371,423,18,41
371,423,18,41
373,423,17,40
373,424,17,40
373,424,17,40
373,424,18,40
375,423,17,39
375,423,17,39
375,423,17,39
375,423,17,39
376,423,17,40
377,423,18,40
377,423,18,40
377,423,17,39
377,423,17,39
378,423,17,39
378,423,17,39
378,423,17,38
378,423,17,38
379,424,17,38
379,424,17,39
379,423,17,38
379,424,17,38
379,424,17,39
379,423,17,39
379,423,17,38
380,424,17,38
380,424,17,39
380,423,17,38
381,424,17,38
381,424,17,38
381,424,17,38
381,424,17,38
381,424,17,38
383,424,16,38
383,425,17,38
383,424,17,38
382,424,17,38
383,425,17,38
384,423,17,38
384,424,17,38
384,424,17,39
384,423,17,38
385,423,17,38
386,424,17,38
385,424,17,38
386,424,17,38
386,424,17,38
387,425,17,38
387,424,17,38
387,425,17,38
387,424,17,38
388,424,17,38
388,424,17,38
388,424,17,38
388,424,17,38
389,424,17,38
390,424,17,38
389,423,17,38
389,423,17,38
389,423,17,38
391,424,17,38
391,424,17,38
391,424,17,38
391,424,17,39
391,424,17,38
395,424,17,39
394,424,17,38
