1063,648,167,388
1063,648,167,388
1063,647,167,388
1063,647,167,388
1064,649,159,383
1065,650,155,381
1066,650,158,384
1065,647,158,388
1062,646,158,388
1063,647,157,384
1060,651,155,381
1060,651,156,382
1060,651,156,382
1060,651,156,382
1060,651,155,381
1057,652,154,376
1060,648,151,382
1059,645,155,392
1059,645,155,392
1059,645,155,392
1059,645,155,392
1057,647,155,391
1057,649,154,390
1053,643,157,397
1055,645,157,397
1055,645,157,397
1053,644,157,397
1052,645,157,397
1051,644,155,392
1053,646,155,391
1053,647,155,392
1053,647,155,392
1051,645,156,395
1055,641,144,392
1056,646,140,391
1055,644,140,396
1054,639,145,396
1052,639,147,400
1054,638,147,402
1052,639,147,402
1053,640,147,402
1052,640,147,400
1054,641,146,400
1052,642,146,398
1050,641,145,397
1050,639,146,399
1050,640,146,399
1052,642,146,399
1050,641,146,398
1052,641,145,396
1052,641,145,396
1052,641,145,395
1054,642,145,396
1053,640,145,396
1052,640,145,396
1053,642,144,394
1050,643,143,391
1050,644,142,390
1050,645,140,383
1051,645,141,385
1051,644,141,387
1052,644,141,387
1054,644,140,387
1056,646,138,390
1052,644,141,385
1055,645,139,390
1058,648,137,383
1052,647,137,385
1052,647,137,385
1051,647,136,383
1051,648,135,380
1052,650,133,375
1053,647,137,384
1053,647,137,384
1053,647,137,384
1053,647,137,384
1054,645,138,386
1053,642,139,389
1054,643,139,389
1052,641,139,390
1054,643,139,389
1050,641,140,392
1049,640,140,393
1050,641,140,392
1050,640,140,393
1050,641,140,392
1050,640,140,393
1048,642,141,394
1048,644,139,389
1049,644,139,390
1050,643,139,391
1050,643,139,390
1050,638,138,388
1049,637,137,383
1048,637,138,386
1046,638,138,386
1047,638,138,386
1047,638,138,386
1040,643,138,387
1041,643,139,389
1040,642,139,391
1039,642,140,393
1040,641,141,396
1040,641,142,397
1035,640,142,398
1033,638,142,398
1027,635,150,399
1026,636,150,397
1026,637,145,397
1026,637,140,405
1026,637,140,405
1026,637,140,405
1026,637,140,405
1027,637,141,403
1026,635,143,406
1029,635,144,403
1029,634,144,404
1029,634,144,404
1029,634,144,404
1033,633,145,405
1034,634,146,408
1033,632,146,410
1033,632,142,411
1033,632,142,411
1032,632,142,411
1035,630,143,414
1035,632,143,408
1035,632,143,408
1035,632,143,408
1035,632,143,408
1035,631,143,408
1036,631,144,410
1038,632,144,411
1036,630,145,413
1038,632,144,411
1034,630,144,412
1026,631,144,411
1026,630,144,410
1026,631,144,410
1026,632,144,411
1027,633,144,411
1028,634,144,412
1020,635,143,407
1018,635,142,406
1018,635,142,406
1017,635,142,406
1017,635,142,406
1017,635,142,406
1013,639,140,400
1013,640,140,401
1011,639,141,402
1010,637,141,402
992,636,142,405
992,635,141,403
992,634,142,405
992,634,142,405
991,634,141,404
993,636,142,405
978,639,142,406
980,641,142,405
978,639,142,406
977,638,143,408
977,638,143,408
972,638,142,406
974,637,143,410
974,637,144,411
973,637,143,409
974,637,143,410
974,634,142,411
974,632,143,413
975,633,144,416
976,635,143,415
969,635,143,406
974,635,144,409
976,636,144,408
974,634,144,409
976,636,144,408
976,636,144,408
976,637,144,408
980,633,143,406
979,632,144,409
981,634,142,402
980,632,143,407
979,631,143,405
979,631,144,408
983,629,142,403
984,632,142,407
984,632,142,407
984,632,142,406
982,630,142,406
977,628,143,410
979,631,142,408
980,633,142,406
980,630,142,407
982,630,143,409
974,640,142,407
975,640,142,407
975,634,142,408
975,634,142,408
957,637,148,420
956,641,148,410
957,642,143,409
952,637,147,410
952,637,147,415
952,637,147,415
938,634,146,411
937,634,146,413
940,634,144,415
940,634,144,415
938,634,144,415
931,635,144,414
931,633,144,415
931,635,144,414
929,632,144,416
926,634,145,419
925,632,146,422
926,633,144,422
926,633,144,422
926,633,144,422
926,632,144,422
923,634,143,420
922,634,149,428
924,636,149,425
923,636,147,424
922,631,147,431
922,631,147,431
921,628,148,434
920,627,147,432
921,628,147,430
920,625,148,434
922,628,148,434
917,627,148,433
915,626,148,433
915,626,148,433
915,626,148,433
915,626,148,433
910,626,148,433
909,625,149,435
911,628,148,433
911,628,148,433
911,628,148,432
911,628,148,432
906,630,146,428
908,633,145,425
899,630,146,428
897,631,146,428
883,634,144,422
886,631,143,420
885,633,141,420
886,637,138,419
886,638,141,415
887,633,141,426
872,630,141,427
870,631,143,423
872,631,143,426
871,629,145,431
872,630,144,428
869,630,145,428
866,631,147,424
868,630,146,428
868,630,146,428
852,632,147,422
858,632,141,418
857,633,141,423
856,633,141,423
856,633,141,423
855,634,141,420
852,637,142,418
850,638,141,415
850,636,142,418
850,636,142,418
850,636,142,418
850,636,142,418
850,640,141,414
850,641,140,414
851,643,140,413
852,642,141,414
851,642,140,413
853,642,141,415
850,641,141,414
841,638,139,409
841,638,139,409
841,638,139,409
841,638,139,409
841,638,139,409
840,639,139,408
839,634,140,412
839,636,139,409
842,637,139,408
833,638,134,395
831,637,135,397
830,639,134,396
830,638,135,396
831,639,136,396
832,639,136,394
830,641,134,393
829,643,134,393
829,643,134,393
829,643,134,393
829,643,134,393
821,642,134,394
820,641,134,392
819,640,134,394
819,638,135,397
819,639,135,396
820,641,135,397
802,642,134,393
804,644,133,390
805,643,133,391
801,639,134,394
802,639,134,392
781,640,134,392
781,639,134,387
781,638,134,388
780,637,134,387
781,639,133,385
775,643,131,377
780,647,129,372
775,647,129,372
777,647,129,372
777,646,129,373
777,645,129,373
773,649,129,372
771,649,127,367
773,649,128,369
771,649,127,366
771,648,127,366
771,649,127,365
761,646,128,369
764,648,126,364
764,645,128,371
764,646,129,372
761,645,128,371
746,648,140,361
752,648,132,362
749,648,127,361
750,648,127,368
749,651,126,365
747,652,125,361
747,652,125,361
747,652,125,361
747,652,125,361
740,652,125,362
739,651,124,359
738,649,126,364
739,651,126,363
739,651,125,360
740,652,125,361
738,654,123,349
728,650,123,349
728,650,122,348
728,650,125,353
728,649,124,351
726,652,123,350
722,650,123,349
721,649,124,350
718,652,128,350
718,652,128,350
718,652,128,350
718,652,128,350
719,657,119,345
720,656,121,349
719,657,119,345
719,656,120,348
717,657,123,345
717,659,120,341
717,659,120,338
717,659,117,341
717,659,117,337
717,657,115,332
716,656,115,331
716,657,113,325
718,659,113,325
718,658,113,324
717,660,112,322
706,660,115,328
701,660,121,331
701,660,121,330
700,660,120,329
702,662,119,326
701,662,120,327
700,662,119,325
699,668,116,316
699,668,116,316
699,667,116,316
698,667,116,316
685,663,119,316
683,661,120,320
687,662,118,322
684,661,119,321
684,662,118,318
682,662,118,318
676,661,118,319
675,663,118,318
675,664,117,317
675,665,116,315
675,664,118,320
676,665,118,319
672,666,116,314
673,668,115,311
674,669,114,310
670,669,114,309
670,668,114,310
667,669,113,306
668,669,112,305
670,671,113,305
669,670,111,302
665,667,111,301
663,664,111,303
663,664,111,304
661,661,112,306
662,661,112,305
663,664,111,303
662,667,111,304
654,671,110,299
655,672,108,296
655,672,108,296
655,672,108,296
646,675,108,295
644,678,105,289
645,678,105,288
645,678,105,287
645,679,105,287
647,678,105,289
632,674,106,290
633,676,106,290
633,676,106,290
633,676,106,290
633,676,106,290
633,676,106,290
623,676,106,289
624,675,106,291
621,673,106,291
621,673,106,291
620,673,106,291
621,674,105,290
615,678,105,288
614,677,105,287
610,678,105,287
610,678,105,287
609,678,104,285
607,678,104,284
606,678,104,284
607,678,104,284
605,677,103,282
606,677,104,285
605,678,103,282
605,677,102,280
600,678,102,278
600,678,102,278
600,678,102,278
600,678,102,278
600,678,102,278
595,685,103,273
594,685,103,267
593,684,103,274
593,686,99,269
583,686,97,264
584,684,96,267
584,684,96,267
584,684,96,266
584,685,96,266
585,686,96,266
578,681,96,266
578,680,97,269
578,680,95,265
578,679,97,269
578,682,94,263
576,682,93,257
577,684,93,259
577,683,92,257
574,684,93,258
574,684,93,258
574,684,93,258
575,686,93,258
575,686,92,257
575,686,93,257
575,686,93,257
575,686,92,256
575,686,92,255
575,682,93,258
575,682,93,258
575,681,93,258
575,681,93,259
575,681,93,259
574,684,92,255
574,682,92,255
575,684,92,255
575,683,92,255
575,683,92,256
574,683,92,256
572,688,92,255
571,688,91,251
571,688,90,251
572,688,90,251
572,689,90,251
572,689,90,251
568,687,89,248
566,686,90,248
566,686,90,248
566,686,89,248
566,686,90,249
566,687,90,249
562,685,90,249
562,685,90,249
562,685,90,250
561,685,90,249
564,690,89,247
564,691,89,246
560,691,88,245
560,691,88,246
559,690,88,246
561,690,88,245
564,689,88,245
565,689,89,247
565,689,88,246
566,689,88,246
565,689,88,245
566,688,88,245
566,688,88,245
566,688,88,244
565,688,88,244
565,688,87,242
566,688,88,245
566,690,88,245
567,690,88,245
566,689,88,245
567,690,88,245
566,690,88,245
567,690,88,245
567,692,87,242
567,691,87,243
566,691,87,243
566,691,87,243
568,690,87,243
568,690,87,242
568,691,87,241
567,693,87,234
567,693,87,234
568,694,87,234
571,694,87,233
571,694,86,231
571,693,87,234
571,694,86,233
571,694,86,233
572,694,86,233
583,696,88,236
582,695,88,238
582,697,86,232
582,698,87,228
582,698,86,232
601,693,85,230
601,694,84,228
601,694,84,228
602,694,84,228
611,693,84,227
611,694,85,229
610,695,84,227
611,695,84,227
611,695,84,227
610,697,84,227
619,698,84,227
620,699,83,225
620,699,83,225
620,699,83,225
620,698,83,225
624,700,82,222
624,699,83,225
625,700,83,225
624,700,83,225
625,699,83,226
627,702,81,223
633,699,86,226
633,699,86,226
633,701,85,223
633,700,86,225
639,699,87,221
641,699,89,222
642,699,89,223
646,699,83,222
646,699,83,222
646,699,83,222
653,700,83,221
654,701,81,217
655,702,81,217
654,701,82,219
654,700,82,219
654,700,82,220
678,701,82,219
678,701,82,218
679,700,82,219
677,701,81,217
679,701,81,216
693,699,82,218
693,698,82,220
693,698,83,222
691,697,83,222
691,697,83,222
691,697,83,222
703,699,83,223
703,699,84,224
701,699,83,223
702,698,84,224
702,699,83,223
702,698,84,224
703,699,84,224
716,703,83,223
714,703,83,222
716,703,83,221
716,705,82,220
731,704,83,215
729,703,84,219
729,703,84,218
730,703,84,219
729,705,84,215
729,705,84,215
729,705,84,215
740,705,83,211
740,704,82,210
740,703,82,210
740,704,82,209
740,704,82,211
740,704,82,210
762,703,81,215
764,704,79,209
764,704,79,209
764,704,79,209
765,705,79,209
765,704,80,211
776,704,81,213
776,705,79,209
778,706,79,209
776,706,79,208
804,702,80,211
802,700,80,212
800,699,82,217
801,700,84,221
802,698,82,216
800,699,82,216
817,704,76,210
814,704,82,216
815,707,79,209
817,707,79,209
817,707,79,209
826,710,78,207
826,710,79,209
826,710,79,209
826,710,79,209
826,710,79,209
841,711,77,205
842,711,77,205
842,711,77,205
842,711,77,205
842,711,77,204
842,711,77,204
852,709,77,203
853,708,78,205
853,708,77,204
852,708,77,205
864,712,75,200
866,712,75,197
866,711,75,198
867,712,75,197
866,712,75,197
866,711,75,198
867,712,75,197
886,712,75,197
887,712,74,195
887,712,75,196
887,712,75,196
900,713,74,196
900,712,75,196
900,713,74,196
900,713,74,195
901,714,74,196
901,713,74,195
893,713,74,194
894,708,74,194
889,708,74,193
891,709,74,193
894,709,74,193
911,715,73,191
911,715,72,190
911,715,71,188
911,719,72,189
912,715,72,188
912,715,72,190
912,715,71,188
912,715,72,188
911,715,71,188
912,715,71,187
914,716,72,190
914,716,72,190
913,716,73,191
913,717,73,190
912,718,72,190
916,720,71,188
918,721,71,188
918,721,71,188
919,721,69,187
923,720,64,188
928,720,65,189
928,720,65,189
928,720,65,190
928,720,65,189
928,720,65,191
928,720,64,188
929,718,65,190
929,718,65,190
929,719,64,188
930,719,65,190
929,718,65,190
929,719,64,188
931,722,64,187
930,721,64,187
930,721,64,187
930,721,64,188
930,723,64,186
930,725,63,184
929,724,62,182
929,724,62,182
929,724,62,182
930,725,63,183
929,723,63,184
928,723,62,182
929,723,62,181
929,724,61,179
929,723,62,181
930,725,61,180
930,726,62,181
930,726,62,180
931,725,62,181
931,726,62,181
932,725,63,183
936,726,63,184
936,725,63,186
936,726,63,183
936,725,63,185
936,725,64,186
935,724,64,187
939,723,63,184
939,724,63,184
938,723,63,184
938,723,63,184
939,723,63,184
939,723,63,184
940,725,63,184
940,726,62,181
940,726,62,181
939,726,62,180
940,726,62,181
937,727,62,182
938,728,62,182
938,727,63,183
938,727,63,183
938,727,63,183
938,727,63,183
937,726,63,184
937,726,63,182
937,727,63,183
937,726,63,184
937,726,63,182
937,726,63,184
937,727,63,183
938,728,63,183
938,728,63,183
937,727,63,183
943,731,63,182
942,731,62,180
942,731,61,178
943,732,62,179
943,731,62,180
943,731,62,180
